      y+          U+           u'+             v'+            w'+           u'v'+
0.0000000e+00 0.0000000e+00 1.0111586e-06 0.0000000e+00 1.3290643e-06 0.0000000e+00
3.2310688e-01 3.2319584e-01 1.3911827e-01 1.6528346e-03 9.0577297e-02 -3.7516984e-05
7.6810521e-01 7.6813996e-01 3.2939473e-01 7.1974350e-03 2.0271342e-01 -5.1762792e-04
1.3311760e+00 1.3303102e+00 5.6825596e-01 1.9259922e-02 3.2896447e-01 -2.7726910e-03
2.0086989e+00 2.0036254e+00 8.5100061e-01 3.9407104e-02 4.6039981e-01 -9.6282521e-03
2.7972393e+00 2.7782888e+00 1.1679206e+00 6.8197615e-02 5.8981264e-01 -2.5468061e-02
3.6935465e+00 3.6382773e+00 1.5022064e+00 1.0526115e-01 7.1200907e-01 -5.5169128e-02
4.6945324e+00 4.5599351e+00 1.8315784e+00 1.4956941e-01 8.2412964e-01 -1.0209205e-01
5.7972631e+00 5.5131626e+00 2.1335297e+00 1.9975683e-01 9.2529142e-01 -1.6630483e-01
6.9989414e+00 6.4652743e+00 2.3908584e+00 2.5437197e-01 1.0158942e+00 -2.4423917e-01
8.2969055e+00 7.3860073e+00 2.5946360e+00 3.1202146e-01 1.0968486e+00 -3.2988226e-01
9.6886225e+00 8.2516584e+00 2.7439492e+00 3.7141472e-01 1.1690352e+00 -4.1668653e-01
1.1171674e+01 9.0470524e+00 2.8436143e+00 4.3136680e-01 1.2331027e+00 -4.9917758e-01
1.2743752e+01 9.7652998e+00 2.9014187e+00 4.9080151e-01 1.2895085e+00 -5.7375556e-01
1.4402650e+01 1.0406112e+01 2.9259164e+00 5.4877132e-01 1.3386439e+00 -6.3870496e-01
1.6146254e+01 1.0973639e+01 2.9251103e+00 6.0448307e-01 1.3809458e+00 -6.9376546e-01
1.7972548e+01 1.1474500e+01 2.9058640e+00 6.5731806e-01 1.4169308e+00 -7.3957956e-01
1.9879599e+01 1.1916298e+01 2.8737779e+00 7.0683640e-01 1.4471892e+00 -7.7723390e-01
2.1865557e+01 1.2306684e+01 2.8332808e+00 7.5276685e-01 1.4723475e+00 -8.0794537e-01
2.3928642e+01 1.2652815e+01 2.7877965e+00 7.9498452e-01 1.4930375e+00 -8.3288670e-01
2.6067150e+01 1.2961114e+01 2.7399132e+00 8.3348316e-01 1.5098654e+00 -8.5309947e-01
2.8279442e+01 1.3237202e+01 2.6915414e+00 8.6834562e-01 1.5233810e+00 -8.6946851e-01
3.0563950e+01 1.3485918e+01 2.6440549e+00 8.9971983e-01 1.5340662e+00 -8.8271755e-01
3.2919159e+01 1.3711410e+01 2.5984049e+00 9.2779893e-01 1.5423323e+00 -8.9342767e-01
3.5343616e+01 1.3917205e+01 2.5552185e+00 9.5280260e-01 1.5485202e+00 -9.0206712e-01
3.7835922e+01 1.4106297e+01 2.5148747e+00 9.7496450e-01 1.5529126e+00 -9.0901631e-01
4.0394726e+01 1.4281216e+01 2.4775589e+00 9.9452370e-01 1.5557511e+00 -9.1458374e-01
4.3018726e+01 1.4444091e+01 2.4433055e+00 1.0117177e+00 1.5572391e+00 -9.1901851e-01
4.5706680e+01 1.4596702e+01 2.4120665e+00 1.0267730e+00 1.5575503e+00 -9.2252302e-01
4.8457371e+01 1.4740524e+01 2.3837428e+00 1.0398990e+00 1.5568533e+00 -9.2526448e-01
5.1269638e+01 1.4876784e+01 2.3581855e+00 1.0512890e+00 1.5552994e+00 -9.2738140e-01
5.4142357e+01 1.5006506e+01 2.3351991e+00 1.0611260e+00 1.5530214e+00 -9.2897880e-01
5.7074436e+01 1.5130561e+01 2.3145669e+00 1.0695832e+00 1.5501302e+00 -9.3013680e-01
6.0064827e+01 1.5249685e+01 2.2960701e+00 1.0768194e+00 1.5467126e+00 -9.3092769e-01
6.3112511e+01 1.5364480e+01 2.2794988e+00 1.0829793e+00 1.5428536e+00 -9.3142194e-01
6.6216507e+01 1.5475434e+01 2.2646513e+00 1.0881981e+00 1.5386186e+00 -9.3167597e-01
6.9375870e+01 1.5582944e+01 2.2513435e+00 1.0925981e+00 1.5340569e+00 -9.3172956e-01
7.2589676e+01 1.5687335e+01 2.2393973e+00 1.0962850e+00 1.5292125e+00 -9.3161255e-01
7.5857033e+01 1.5788878e+01 2.2286470e+00 1.0993493e+00 1.5241407e+00 -9.3134475e-01
7.9177078e+01 1.5887806e+01 2.2189348e+00 1.1018684e+00 1.5189019e+00 -9.3093276e-01
8.2548973e+01 1.5984330e+01 2.2101173e+00 1.1039109e+00 1.5135437e+00 -9.3038052e-01
8.5971901e+01 1.6078642e+01 2.2020657e+00 1.1055397e+00 1.5081052e+00 -9.2969483e-01
8.9445084e+01 1.6170895e+01 2.1946886e+00 1.1068134e+00 1.5026213e+00 -9.2889035e-01
9.2967758e+01 1.6261200e+01 2.1879194e+00 1.1077836e+00 1.4971225e+00 -9.2798167e-01
9.6539177e+01 1.6349661e+01 2.1816823e+00 1.1084950e+00 1.4916291e+00 -9.2698449e-01
1.0015862e+02 1.6436384e+01 2.1759062e+00 1.1089836e+00 1.4861571e+00 -9.2590839e-01
1.0382540e+02 1.6521454e+01 2.1705244e+00 1.1092784e+00 1.4807194e+00 -9.2476749e-01
1.0753882e+02 1.6604946e+01 2.1654680e+00 1.1094054e+00 1.4753306e+00 -9.2356855e-01
1.1129823e+02 1.6686926e+01 2.1606855e+00 1.1093897e+00 1.4700009e+00 -9.2231393e-01
1.1510298e+02 1.6767458e+01 2.1561382e+00 1.1092509e+00 1.4647354e+00 -9.2100078e-01
1.1895246e+02 1.6846596e+01 2.1517935e+00 1.1089998e+00 1.4595497e+00 -9.1963810e-01
1.2284605e+02 1.6924393e+01 2.1476159e+00 1.1086439e+00 1.4544549e+00 -9.1824317e-01
1.2678316e+02 1.7000889e+01 2.1435788e+00 1.1081936e+00 1.4494449e+00 -9.1682833e-01
1.3076323e+02 1.7076117e+01 2.1396575e+00 1.1076639e+00 1.4444975e+00 -9.1539007e-01
1.3478569e+02 1.7150118e+01 2.1358180e+00 1.1070734e+00 1.4395976e+00 -9.1391551e-01
1.3884998e+02 1.7222948e+01 2.1320391e+00 1.1064368e+00 1.4347513e+00 -9.1239697e-01
1.4295558e+02 1.7294651e+01 2.1283247e+00 1.1057593e+00 1.4299828e+00 -9.1082835e-01
1.4710197e+02 1.7365265e+01 2.1246734e+00 1.1050421e+00 1.4253123e+00 -9.0920681e-01
1.5128867e+02 1.7434826e+01 2.1210623e+00 1.1042908e+00 1.4207394e+00 -9.0752852e-01
1.5551515e+02 1.7503372e+01 2.1174626e+00 1.1035104e+00 1.4162500e+00 -9.0579206e-01
1.5978094e+02 1.7570932e+01 2.1138680e+00 1.1027024e+00 1.4118384e+00 -9.0400922e-01
1.6408560e+02 1.7637527e+01 2.1102839e+00 1.1018676e+00 1.4074912e+00 -9.0221113e-01
1.6842863e+02 1.7703161e+01 2.1067061e+00 1.1010089e+00 1.4031951e+00 -9.0041202e-01
1.7280962e+02 1.7767864e+01 2.1031284e+00 1.1001310e+00 1.3989367e+00 -8.9860117e-01
1.7722812e+02 1.7831669e+01 2.0995493e+00 1.0992382e+00 1.3947121e+00 -8.9675742e-01
1.8168370e+02 1.7894604e+01 2.0959642e+00 1.0983289e+00 1.3905330e+00 -8.9486814e-01
1.8617595e+02 1.7956684e+01 2.0923624e+00 1.0973983e+00 1.3864211e+00 -8.9292949e-01
1.9070447e+02 1.8017931e+01 2.0887411e+00 1.0964451e+00 1.3823984e+00 -8.9095002e-01
1.9526884e+02 1.8078360e+01 2.0851057e+00 1.0954713e+00 1.3784640e+00 -8.8894361e-01
1.9986873e+02 1.8137993e+01 2.0814629e+00 1.0944787e+00 1.3746110e+00 -8.8691145e-01
2.0450369e+02 1.8196852e+01 2.0778134e+00 1.0934689e+00 1.3708241e+00 -8.8484466e-01
2.0917342e+02 1.8254946e+01 2.0741560e+00 1.0924473e+00 1.3670869e+00 -8.8274288e-01
2.1387750e+02 1.8312277e+01 2.0704787e+00 1.0914223e+00 1.3633810e+00 -8.8062471e-01
2.1861562e+02 1.8368860e+01 2.0667698e+00 1.0903978e+00 1.3596970e+00 -8.7850785e-01
2.2338739e+02 1.8424725e+01 2.0630229e+00 1.0893707e+00 1.3560375e+00 -8.7638551e-01
2.2819252e+02 1.8479906e+01 2.0592415e+00 1.0883342e+00 1.3524159e+00 -8.7423795e-01
2.3303065e+02 1.8534430e+01 2.0554266e+00 1.0872804e+00 1.3488318e+00 -8.7205118e-01
2.3790146e+02 1.8588320e+01 2.0515785e+00 1.0862045e+00 1.3452737e+00 -8.6982936e-01
2.4280464e+02 1.8641590e+01 2.0476992e+00 1.0851080e+00 1.3417408e+00 -8.6757058e-01
2.4773988e+02 1.8694256e+01 2.0437911e+00 1.0839990e+00 1.3382288e+00 -8.6527771e-01
2.5270688e+02 1.8746334e+01 2.0398529e+00 1.0828840e+00 1.3347254e+00 -8.6295682e-01
2.5770532e+02 1.8797834e+01 2.0358832e+00 1.0817631e+00 1.3312330e+00 -8.6061078e-01
2.6273495e+02 1.8848761e+01 2.0318856e+00 1.0806310e+00 1.3277612e+00 -8.5824782e-01
2.6779544e+02 1.8899118e+01 2.0278740e+00 1.0794834e+00 1.3243115e+00 -8.5587239e-01
2.7288654e+02 1.8948923e+01 2.0238457e+00 1.0783216e+00 1.3208873e+00 -8.5347921e-01
2.7800797e+02 1.8998182e+01 2.0198014e+00 1.0771490e+00 1.3174975e+00 -8.5107321e-01
2.8315945e+02 1.9046904e+01 2.0157380e+00 1.0759686e+00 1.3141421e+00 -8.4866250e-01
2.8834073e+02 1.9095091e+01 2.0116460e+00 1.0747819e+00 1.3108138e+00 -8.4625322e-01
2.9355154e+02 1.9142748e+01 2.0075140e+00 1.0735873e+00 1.3075080e+00 -8.4383851e-01
2.9879166e+02 1.9189892e+01 2.0033324e+00 1.0723817e+00 1.3042264e+00 -8.4141725e-01
3.0406079e+02 1.9236528e+01 1.9991095e+00 1.0711641e+00 1.3009681e+00 -8.3898675e-01
3.0935873e+02 1.9282660e+01 1.9948721e+00 1.0699356e+00 1.2977238e+00 -8.3655417e-01
3.1468524e+02 1.9328289e+01 1.9906299e+00 1.0686963e+00 1.2944961e+00 -8.3411807e-01
3.2004004e+02 1.9373428e+01 1.9863774e+00 1.0674430e+00 1.2913005e+00 -8.3167243e-01
3.2542297e+02 1.9418097e+01 1.9821141e+00 1.0661716e+00 1.2881445e+00 -8.2922089e-01
3.3083377e+02 1.9462297e+01 1.9778476e+00 1.0648798e+00 1.2850360e+00 -8.2676429e-01
3.3627219e+02 1.9506050e+01 1.9735664e+00 1.0635688e+00 1.2819692e+00 -8.2428116e-01
3.4173807e+02 1.9549364e+01 1.9692674e+00 1.0622416e+00 1.2789339e+00 -8.2176059e-01
3.4723117e+02 1.9592247e+01 1.9649521e+00 1.0608991e+00 1.2759153e+00 -8.1920314e-01
3.5275128e+02 1.9634705e+01 1.9606185e+00 1.0595427e+00 1.2728879e+00 -8.1660414e-01
3.5829819e+02 1.9676750e+01 1.9562616e+00 1.0581734e+00 1.2698501e+00 -8.1396383e-01
3.6387173e+02 1.9718388e+01 1.9518869e+00 1.0567914e+00 1.2668259e+00 -8.1129777e-01
3.6947168e+02 1.9759604e+01 1.9475024e+00 1.0553983e+00 1.2638302e+00 -8.0861306e-01
3.7509781e+02 1.9800402e+01 1.9431095e+00 1.0539974e+00 1.2608624e+00 -8.0591077e-01
3.8075000e+02 1.9840803e+01 1.9387002e+00 1.0525939e+00 1.2579128e+00 -8.0320495e-01
3.8642804e+02 1.9880825e+01 1.9342673e+00 1.0511910e+00 1.2549909e+00 -8.0051255e-01
3.9213171e+02 1.9920477e+01 1.9298129e+00 1.0497866e+00 1.2521019e+00 -7.9782712e-01
3.9786090e+02 1.9959766e+01 1.9253302e+00 1.0483778e+00 1.2492343e+00 -7.9512036e-01
4.0361536e+02 1.9998701e+01 1.9208281e+00 1.0469621e+00 1.2463819e+00 -7.9237664e-01
4.0939496e+02 2.0037292e+01 1.9163001e+00 1.0455362e+00 1.2435493e+00 -7.8959590e-01
4.1519952e+02 2.0075560e+01 1.9117434e+00 1.0440950e+00 1.2407240e+00 -7.8678381e-01
4.2102887e+02 2.0113512e+01 1.9071586e+00 1.0426329e+00 1.2378935e+00 -7.8393877e-01
4.2688284e+02 2.0151146e+01 1.9025428e+00 1.0411478e+00 1.2350572e+00 -7.8106773e-01
4.3276129e+02 2.0188454e+01 1.8978827e+00 1.0396450e+00 1.2322155e+00 -7.7817035e-01
4.3866403e+02 2.0225431e+01 1.8931751e+00 1.0381314e+00 1.2293650e+00 -7.7525067e-01
4.4459094e+02 2.0262091e+01 1.8884271e+00 1.0366094e+00 1.2265023e+00 -7.7231020e-01
4.5054184e+02 2.0298439e+01 1.8836530e+00 1.0350789e+00 1.2236258e+00 -7.6935375e-01
4.5651657e+02 2.0334490e+01 1.8788692e+00 1.0335385e+00 1.2207402e+00 -7.6638281e-01
4.6251501e+02 2.0370251e+01 1.8740808e+00 1.0319866e+00 1.2178591e+00 -7.6340324e-01
4.6853702e+02 2.0405733e+01 1.8692913e+00 1.0304202e+00 1.2149818e+00 -7.6041889e-01
4.7458243e+02 2.0440937e+01 1.8645123e+00 1.0288365e+00 1.2121083e+00 -7.5743800e-01
4.8065112e+02 2.0475864e+01 1.8597463e+00 1.0272343e+00 1.2092619e+00 -7.5445259e-01
4.8674292e+02 2.0510536e+01 1.8549770e+00 1.0256151e+00 1.2064720e+00 -7.5145084e-01
4.9285773e+02 2.0544979e+01 1.8502017e+00 1.0239820e+00 1.2037365e+00 -7.4843723e-01
4.9899542e+02 2.0579203e+01 1.8454264e+00 1.0223380e+00 1.2010335e+00 -7.4541867e-01
5.0515582e+02 2.0613214e+01 1.8406525e+00 1.0206828e+00 1.1983503e+00 -7.4238700e-01
5.1133884e+02 2.0646999e+01 1.8358825e+00 1.0190142e+00 1.1956868e+00 -7.3934203e-01
5.1754431e+02 2.0680544e+01 1.8311052e+00 1.0173316e+00 1.1930456e+00 -7.3628187e-01
5.2377216e+02 2.0713850e+01 1.8262994e+00 1.0156374e+00 1.1904244e+00 -7.3319364e-01
5.3002222e+02 2.0746933e+01 1.8214514e+00 1.0139358e+00 1.1878192e+00 -7.3006660e-01
5.3629437e+02 2.0779791e+01 1.8165594e+00 1.0122328e+00 1.1852208e+00 -7.2691309e-01
5.4258856e+02 2.0812410e+01 1.8116406e+00 1.0105314e+00 1.1826260e+00 -7.2374707e-01
5.4890460e+02 2.0844790e+01 1.8067074e+00 1.0088345e+00 1.1800172e+00 -7.2058314e-01
5.5524243e+02 2.0876932e+01 1.8017509e+00 1.0071460e+00 1.1773721e+00 -7.1742576e-01
5.6160187e+02 2.0908854e+01 1.7967615e+00 1.0054668e+00 1.1747004e+00 -7.1426809e-01
5.6798285e+02 2.0940578e+01 1.7917486e+00 1.0037913e+00 1.1720314e+00 -7.1110630e-01
5.7438531e+02 2.0972113e+01 1.7867229e+00 1.0021108e+00 1.1693791e+00 -7.0793390e-01
5.8080902e+02 2.1003460e+01 1.7816802e+00 1.0004184e+00 1.1667365e+00 -7.0474899e-01
5.8725397e+02 2.1034609e+01 1.7766274e+00 9.9871105e-01 1.1640942e+00 -7.0156312e-01
5.9372009e+02 2.1065563e+01 1.7715768e+00 9.9698997e-01 1.1614573e+00 -6.9838351e-01
6.0020715e+02 2.1096321e+01 1.7665399e+00 9.9525893e-01 1.1588337e+00 -6.9520932e-01
6.0671515e+02 2.1126881e+01 1.7615281e+00 9.9352014e-01 1.1562072e+00 -6.9204289e-01
6.1324396e+02 2.1157238e+01 1.7565480e+00 9.9177229e-01 1.1535548e+00 -6.8888897e-01
6.1979352e+02 2.1187407e+01 1.7515912e+00 9.9001247e-01 1.1508716e+00 -6.8574035e-01
6.2636365e+02 2.1217396e+01 1.7466460e+00 9.8823923e-01 1.1481587e+00 -6.8258113e-01
6.3295435e+02 2.1247208e+01 1.7416983e+00 9.8645526e-01 1.1454020e+00 -6.7940527e-01
6.3956549e+02 2.1276846e+01 1.7367312e+00 9.8466527e-01 1.1426101e+00 -6.7621803e-01
6.4619696e+02 2.1306307e+01 1.7317529e+00 9.8286963e-01 1.1398040e+00 -6.7302257e-01
6.5284869e+02 2.1335588e+01 1.7267737e+00 9.8106480e-01 1.1370021e+00 -6.6981333e-01
6.5952057e+02 2.1364704e+01 1.7217890e+00 9.7924763e-01 1.1342124e+00 -6.6657966e-01
6.6621259e+02 2.1393656e+01 1.7168088e+00 9.7741723e-01 1.1314483e+00 -6.6332072e-01
6.7292456e+02 2.1422447e+01 1.7118468e+00 9.7557318e-01 1.1287249e+00 -6.6003597e-01
6.7965649e+02 2.1451080e+01 1.7068946e+00 9.7371584e-01 1.1260394e+00 -6.5673286e-01
6.8640826e+02 2.1479548e+01 1.7019246e+00 9.7184837e-01 1.1233692e+00 -6.5341568e-01
6.9317981e+02 2.1507841e+01 1.6969078e+00 9.6997416e-01 1.1207033e+00 -6.5008682e-01
6.9997101e+02 2.1535976e+01 1.6918373e+00 9.6809423e-01 1.1180272e+00 -6.4673799e-01
7.0678180e+02 2.1563961e+01 1.6867299e+00 9.6620774e-01 1.1153350e+00 -6.4336526e-01
7.1361212e+02 2.1591789e+01 1.6816132e+00 9.6431512e-01 1.1126288e+00 -6.3997662e-01
7.2046191e+02 2.1619463e+01 1.6765032e+00 9.6241379e-01 1.1099138e+00 -6.3658607e-01
7.2733105e+02 2.1646992e+01 1.6714016e+00 9.6049881e-01 1.1071965e+00 -6.3319486e-01
7.3421954e+02 2.1674377e+01 1.6663133e+00 9.5856547e-01 1.1044809e+00 -6.2980247e-01
7.4112726e+02 2.1701607e+01 1.6612298e+00 9.5661110e-01 1.1017555e+00 -6.2640977e-01
7.4805414e+02 2.1728682e+01 1.6561277e+00 9.5463842e-01 1.0989999e+00 -6.2301213e-01
7.5500012e+02 2.1755611e+01 1.6510004e+00 9.5265180e-01 1.0962138e+00 -6.1959940e-01
7.6196515e+02 2.1782406e+01 1.6458557e+00 9.5065165e-01 1.0934000e+00 -6.1616522e-01
7.6894916e+02 2.1809076e+01 1.6406966e+00 9.4863617e-01 1.0905731e+00 -6.1271268e-01
7.7595203e+02 2.1835629e+01 1.6355129e+00 9.4660383e-01 1.0877526e+00 -6.0924500e-01
7.8297375e+02 2.1862062e+01 1.6303028e+00 9.4455647e-01 1.0849466e+00 -6.0576588e-01
7.9001428e+02 2.1888378e+01 1.6250701e+00 9.4249731e-01 1.0821412e+00 -6.0228091e-01
7.9707349e+02 2.1914574e+01 1.6198028e+00 9.4042820e-01 1.0793145e+00 -5.9878874e-01
8.0415137e+02 2.1940660e+01 1.6144912e+00 9.3834633e-01 1.0764531e+00 -5.9527481e-01
8.1124780e+02 2.1966650e+01 1.6091404e+00 9.3624640e-01 1.0735576e+00 -5.9172642e-01
8.1836279e+02 2.1992542e+01 1.6037602e+00 9.3412584e-01 1.0706446e+00 -5.8814925e-01
8.2549628e+02 2.2018330e+01 1.5983657e+00 9.3198740e-01 1.0677248e+00 -5.8454937e-01
8.3264819e+02 2.2044020e+01 1.5929508e+00 9.2983741e-01 1.0647888e+00 -5.8091474e-01
8.3981848e+02 2.2069620e+01 1.5875036e+00 9.2768180e-01 1.0618184e+00 -5.7724983e-01
8.4700708e+02 2.2095121e+01 1.5820256e+00 9.2552286e-01 1.0588088e+00 -5.7357121e-01
8.5421387e+02 2.2120510e+01 1.5765334e+00 9.2335749e-01 1.0557758e+00 -5.6989586e-01
8.6143896e+02 2.2145782e+01 1.5710517e+00 9.2118156e-01 1.0527308e+00 -5.6623608e-01
8.6868213e+02 2.2170935e+01 1.5655893e+00 9.1899437e-01 1.0496767e+00 -5.6259716e-01
8.7594348e+02 2.2195965e+01 1.5601394e+00 9.1679609e-01 1.0466193e+00 -5.5897897e-01
8.8322284e+02 2.2220873e+01 1.5546886e+00 9.1458815e-01 1.0435475e+00 -5.5536360e-01
8.9052020e+02 2.2245682e+01 1.5492370e+00 9.1237044e-01 1.0404586e+00 -5.5173075e-01
8.9783551e+02 2.2270395e+01 1.5437875e+00 9.1014063e-01 1.0373656e+00 -5.4807866e-01
9.0516870e+02 2.2295012e+01 1.5383428e+00 9.0789562e-01 1.0342741e+00 -5.4441780e-01
9.1251984e+02 2.2319527e+01 1.5329038e+00 9.0563405e-01 1.0311975e+00 -5.4075456e-01
9.1988873e+02 2.2343943e+01 1.5274574e+00 9.0335792e-01 1.0281434e+00 -5.3709066e-01
9.2727539e+02 2.2368258e+01 1.5219812e+00 9.0107375e-01 1.0250968e+00 -5.3342158e-01
9.3467981e+02 2.2392483e+01 1.5164648e+00 8.9878595e-01 1.0220520e+00 -5.2974129e-01
9.4210187e+02 2.2416634e+01 1.5108968e+00 8.9649481e-01 1.0190181e+00 -5.2604622e-01
9.4954156e+02 2.2440714e+01 1.5052733e+00 8.9419854e-01 1.0159825e+00 -5.2233583e-01
9.5699890e+02 2.2464716e+01 1.4996135e+00 8.9189446e-01 1.0129373e+00 -5.1860476e-01
9.6447375e+02 2.2488636e+01 1.4939374e+00 8.8958097e-01 1.0098834e+00 -5.1484483e-01
9.7196606e+02 2.2512478e+01 1.4882511e+00 8.8725954e-01 1.0068161e+00 -5.1105344e-01
9.7947589e+02 2.2536247e+01 1.4825475e+00 8.8493145e-01 1.0037493e+00 -5.0723565e-01
9.8700317e+02 2.2559946e+01 1.4768220e+00 8.8259435e-01 1.0006782e+00 -5.0340360e-01
9.9454779e+02 2.2583551e+01 1.4711058e+00 8.8024491e-01 9.9759948e-01 -4.9958274e-01
1.0021098e+03 2.2607042e+01 1.4654273e+00 8.7788200e-01 9.9450397e-01 -4.9578032e-01
1.0096891e+03 2.2630417e+01 1.4597756e+00 8.7550914e-01 9.9137825e-01 -4.9197888e-01
1.0172856e+03 2.2653681e+01 1.4541306e+00 8.7313235e-01 9.8820394e-01 -4.8817033e-01
1.0248994e+03 2.2676838e+01 1.4484762e+00 8.7075585e-01 9.8498011e-01 -4.8435310e-01
1.0325304e+03 2.2699886e+01 1.4427972e+00 8.6838108e-01 9.8172510e-01 -4.8053178e-01
1.0401786e+03 2.2722824e+01 1.4370829e+00 8.6600649e-01 9.7846490e-01 -4.7670728e-01
1.0478438e+03 2.2745642e+01 1.4313432e+00 8.6363029e-01 9.7520256e-01 -4.7288129e-01
1.0555261e+03 2.2768333e+01 1.4256008e+00 8.6125159e-01 9.7194725e-01 -4.6905872e-01
1.0632255e+03 2.2790890e+01 1.4198772e+00 8.5887045e-01 9.6869493e-01 -4.6524280e-01
1.0709418e+03 2.2813313e+01 1.4141862e+00 8.5648715e-01 9.6542501e-01 -4.6142191e-01
1.0786750e+03 2.2835613e+01 1.4085236e+00 8.5410249e-01 9.6211809e-01 -4.5758164e-01
1.0864253e+03 2.2857794e+01 1.4028779e+00 8.5171807e-01 9.5876223e-01 -4.5372349e-01
1.0941925e+03 2.2879854e+01 1.3972465e+00 8.4933364e-01 9.5536923e-01 -4.4986051e-01
1.1019764e+03 2.2901794e+01 1.3916162e+00 8.4694684e-01 9.5195991e-01 -4.4599992e-01
1.1097772e+03 2.2923615e+01 1.3859714e+00 8.4455633e-01 9.4854856e-01 -4.4213867e-01
1.1175947e+03 2.2945314e+01 1.3803085e+00 8.4216452e-01 9.4512784e-01 -4.3827179e-01
1.1254290e+03 2.2966887e+01 1.3746340e+00 8.3977747e-01 9.4169331e-01 -4.3439847e-01
1.1332799e+03 2.2988327e+01 1.3689572e+00 8.3739924e-01 9.3824810e-01 -4.3052796e-01
1.1411476e+03 2.3009640e+01 1.3632851e+00 8.3502972e-01 9.3478525e-01 -4.2666486e-01
1.1490319e+03 2.3030832e+01 1.3576034e+00 8.3266556e-01 9.3129933e-01 -4.2280737e-01
1.1569326e+03 2.3051910e+01 1.3518994e+00 8.3030450e-01 9.2779315e-01 -4.1895068e-01
1.1648500e+03 2.3072884e+01 1.3461770e+00 8.2794601e-01 9.2428684e-01 -4.1508478e-01
1.1727838e+03 2.3093750e+01 1.3404443e+00 8.2559043e-01 9.2077225e-01 -4.1120040e-01
1.1807341e+03 2.3114521e+01 1.3347104e+00 8.2323635e-01 9.1724253e-01 -4.0729454e-01
1.1887008e+03 2.3135187e+01 1.3289827e+00 8.2088286e-01 9.1369814e-01 -4.0337014e-01
1.1966838e+03 2.3155733e+01 1.3232654e+00 8.1852818e-01 9.1015601e-01 -3.9943269e-01
1.2046832e+03 2.3176151e+01 1.3175509e+00 8.1617182e-01 9.0661377e-01 -3.9547929e-01
1.2126990e+03 2.3196445e+01 1.3118186e+00 8.1381553e-01 9.0305609e-01 -3.9150965e-01
1.2207308e+03 2.3216619e+01 1.3060539e+00 8.1146139e-01 8.9949298e-01 -3.8752410e-01
1.2287789e+03 2.3236670e+01 1.3002604e+00 8.0911195e-01 8.9593893e-01 -3.8353720e-01
1.2368431e+03 2.3256590e+01 1.2944484e+00 8.0676901e-01 8.9239526e-01 -3.7955567e-01
1.2449235e+03 2.3276379e+01 1.2886311e+00 8.0443347e-01 8.8885701e-01 -3.7558162e-01
1.2530198e+03 2.3296043e+01 1.2828090e+00 8.0210763e-01 8.8534081e-01 -3.7161472e-01
1.2611321e+03 2.3315598e+01 1.2769525e+00 7.9979414e-01 8.8185942e-01 -3.6764747e-01
1.2692604e+03 2.3335054e+01 1.2710453e+00 7.9749203e-01 8.7841177e-01 -3.6367595e-01
1.2774044e+03 2.3354406e+01 1.2650921e+00 7.9519677e-01 8.7500459e-01 -3.5970488e-01
1.2855643e+03 2.3373640e+01 1.2591109e+00 7.9290366e-01 8.7163275e-01 -3.5573223e-01
1.2937401e+03 2.3392748e+01 1.2531080e+00 7.9060799e-01 8.6828291e-01 -3.5175961e-01
1.3019314e+03 2.3411718e+01 1.2470958e+00 7.8830516e-01 8.6494219e-01 -3.4779105e-01
1.3101384e+03 2.3430555e+01 1.2410756e+00 7.8599340e-01 8.6160266e-01 -3.4382755e-01
1.3183611e+03 2.3449253e+01 1.2350532e+00 7.8367686e-01 8.5826540e-01 -3.3986413e-01
1.3265991e+03 2.3467817e+01 1.2290226e+00 7.8136396e-01 8.5493481e-01 -3.3589178e-01
1.3348525e+03 2.3486248e+01 1.2229778e+00 7.7906263e-01 8.5162818e-01 -3.3190796e-01
1.3431215e+03 2.3504553e+01 1.2169242e+00 7.7677673e-01 8.4834927e-01 -3.2790986e-01
1.3514055e+03 2.3522738e+01 1.2108743e+00 7.7450758e-01 8.4508467e-01 -3.2389835e-01
1.3597048e+03 2.3540810e+01 1.2048230e+00 7.7225375e-01 8.4181666e-01 -3.1986955e-01
1.3680193e+03 2.3558764e+01 1.1987842e+00 7.7001095e-01 8.3854061e-01 -3.1582391e-01
1.3763488e+03 2.3576582e+01 1.1927811e+00 7.6777422e-01 8.3526129e-01 -3.1176358e-01
1.3846931e+03 2.3594244e+01 1.1868255e+00 7.6554102e-01 8.3196300e-01 -3.0769113e-01
1.3930524e+03 2.3611744e+01 1.1809124e+00 7.6331306e-01 8.2861179e-01 -3.0360365e-01
1.4014264e+03 2.3629082e+01 1.1750312e+00 7.6109564e-01 8.2521355e-01 -2.9949921e-01
1.4098151e+03 2.3646255e+01 1.1691747e+00 7.5889468e-01 8.2178128e-01 -2.9537863e-01
1.4182183e+03 2.3663260e+01 1.1633439e+00 7.5671446e-01 8.1833029e-01 -2.9123902e-01
1.4266360e+03 2.3680096e+01 1.1575301e+00 7.5455594e-01 8.1488925e-01 -2.8708181e-01
1.4350679e+03 2.3696764e+01 1.1517318e+00 7.5242078e-01 8.1146824e-01 -2.8291273e-01
1.4435142e+03 2.3713276e+01 1.1459417e+00 7.5031006e-01 8.0805862e-01 -2.7873477e-01
1.4519745e+03 2.3729633e+01 1.1401538e+00 7.4821997e-01 8.0466169e-01 -2.7455050e-01
1.4604487e+03 2.3745831e+01 1.1343720e+00 7.4614537e-01 8.0129009e-01 -2.7036119e-01
1.4689368e+03 2.3761854e+01 1.1286011e+00 7.4408460e-01 7.9795843e-01 -2.6616934e-01
1.4774386e+03 2.3777693e+01 1.1228526e+00 7.4203748e-01 7.9466361e-01 -2.6197824e-01
1.4859540e+03 2.3793341e+01 1.1171169e+00 7.4000376e-01 7.9140341e-01 -2.5778708e-01
1.4944828e+03 2.3808802e+01 1.1113695e+00 7.3798442e-01 7.8817934e-01 -2.5358757e-01
1.5030249e+03 2.3824081e+01 1.1056021e+00 7.3598260e-01 7.8499913e-01 -2.4937232e-01
1.5115801e+03 2.3839163e+01 1.0998354e+00 7.3400182e-01 7.8186154e-01 -2.4514344e-01
1.5201483e+03 2.3854025e+01 1.0940907e+00 7.3204249e-01 7.7875936e-01 -2.4090792e-01
1.5287291e+03 2.3868668e+01 1.0883731e+00 7.3010004e-01 7.7569443e-01 -2.3666562e-01
1.5373228e+03 2.3883093e+01 1.0826775e+00 7.2816992e-01 7.7265418e-01 -2.3241709e-01
1.5459287e+03 2.3897299e+01 1.0770184e+00 7.2625089e-01 7.6963574e-01 -2.2816183e-01
1.5545469e+03 2.3911287e+01 1.0714021e+00 7.2434372e-01 7.6664764e-01 -2.2390054e-01
1.5631771e+03 2.3925055e+01 1.0658311e+00 7.2244984e-01 7.6369101e-01 -2.1963643e-01
1.5718192e+03 2.3938599e+01 1.0603039e+00 7.2057128e-01 7.6075363e-01 -2.1536449e-01
1.5804730e+03 2.3951923e+01 1.0548265e+00 7.1871150e-01 7.5782734e-01 -2.1107687e-01
1.5891382e+03 2.3965029e+01 1.0493977e+00 7.1687543e-01 7.5491178e-01 -2.0677310e-01
1.5978146e+03 2.3977915e+01 1.0440083e+00 7.1506727e-01 7.5201488e-01 -2.0246245e-01
1.6065018e+03 2.3990580e+01 1.0386466e+00 7.1329075e-01 7.4914473e-01 -1.9815399e-01
1.6152000e+03 2.4003027e+01 1.0333189e+00 7.1154749e-01 7.4630874e-01 -1.9385016e-01
1.6239086e+03 2.4015259e+01 1.0280271e+00 7.0983565e-01 7.4351805e-01 -1.8954466e-01
1.6326274e+03 2.4027277e+01 1.0227585e+00 7.0815367e-01 7.4078900e-01 -1.8522774e-01
1.6413564e+03 2.4039078e+01 1.0175111e+00 7.0650285e-01 7.3812973e-01 -1.8090083e-01
1.6500951e+03 2.4050657e+01 1.0123150e+00 7.0488381e-01 7.3554003e-01 -1.7657444e-01
1.6588431e+03 2.4062008e+01 1.0071949e+00 7.0329589e-01 7.3301721e-01 -1.7225258e-01
1.6676005e+03 2.4073126e+01 1.0021591e+00 7.0173889e-01 7.3055756e-01 -1.6793180e-01
1.6763668e+03 2.4084007e+01 9.9720311e-01 7.0021456e-01 7.2813910e-01 -1.6361344e-01
1.6851417e+03 2.4094654e+01 9.9231219e-01 6.9872421e-01 7.2574162e-01 -1.5929554e-01
1.6939250e+03 2.4105062e+01 9.8747164e-01 6.9726825e-01 7.2337604e-01 -1.5497474e-01
1.7027164e+03 2.4115221e+01 9.8267257e-01 6.9584745e-01 7.2105998e-01 -1.5064983e-01
1.7115156e+03 2.4125116e+01 9.7792792e-01 6.9446129e-01 7.1880257e-01 -1.4631806e-01
1.7203221e+03 2.4134741e+01 9.7326195e-01 6.9310939e-01 7.1660519e-01 -1.4197598e-01
1.7291360e+03 2.4144087e+01 9.6869045e-01 6.9179225e-01 7.1446675e-01 -1.3761812e-01
1.7379567e+03 2.4153152e+01 9.6422237e-01 6.9051123e-01 7.1237582e-01 -1.3324675e-01
1.7467838e+03 2.4161936e+01 9.5985878e-01 6.8926734e-01 7.1032852e-01 -1.2886059e-01
1.7556172e+03 2.4170439e+01 9.5559770e-01 6.8806016e-01 7.0832503e-01 -1.2445571e-01
1.7644565e+03 2.4178669e+01 9.5144475e-01 6.8688947e-01 7.0636529e-01 -1.2003515e-01
1.7733015e+03 2.4186619e+01 9.4740182e-01 6.8575662e-01 7.0445651e-01 -1.1560711e-01
1.7821517e+03 2.4194288e+01 9.4346076e-01 6.8466365e-01 7.0260471e-01 -1.1117566e-01
1.7910068e+03 2.4201679e+01 9.3961060e-01 6.8361115e-01 7.0081556e-01 -1.0673977e-01
1.7998667e+03 2.4208784e+01 9.3584901e-01 6.8259829e-01 6.9909465e-01 -1.0230135e-01
1.8087308e+03 2.4215593e+01 9.3219352e-01 6.8162400e-01 6.9744766e-01 -9.7861111e-02
1.8175991e+03 2.4222101e+01 9.2866462e-01 6.8069118e-01 6.9586521e-01 -9.3419991e-02
1.8264711e+03 2.4228304e+01 9.2525113e-01 6.7980653e-01 6.9433570e-01 -8.8979505e-02
1.8353464e+03 2.4234209e+01 9.2193162e-01 6.7897522e-01 6.9285572e-01 -8.4539704e-02
1.8442249e+03 2.4239819e+01 9.1870648e-01 6.7819619e-01 6.9142294e-01 -8.0097377e-02
1.8531062e+03 2.4245138e+01 9.1558981e-01 6.7746359e-01 6.9004947e-01 -7.5650208e-02
1.8619902e+03 2.4250172e+01 9.1259557e-01 6.7677128e-01 6.8874890e-01 -7.1199358e-02
1.8708765e+03 2.4254913e+01 9.0974009e-01 6.7611516e-01 6.8753427e-01 -6.6748530e-02
1.8797646e+03 2.4259359e+01 9.0703672e-01 6.7549616e-01 6.8641651e-01 -6.2296916e-02
1.8886548e+03 2.4263508e+01 9.0450275e-01 6.7491794e-01 6.8538731e-01 -5.7841200e-02
1.8975465e+03 2.4267363e+01 9.0215522e-01 6.7438120e-01 6.8444192e-01 -5.3379811e-02
1.9064395e+03 2.4270918e+01 9.0001059e-01 6.7388529e-01 6.8358499e-01 -4.8918892e-02
1.9153336e+03 2.4274164e+01 8.9807749e-01 6.7343014e-01 6.8281049e-01 -4.4465654e-02
1.9242288e+03 2.4277098e+01 8.9634871e-01 6.7301613e-01 6.8209618e-01 -4.0016267e-02
1.9331246e+03 2.4279720e+01 8.9481056e-01 6.7264169e-01 6.8144125e-01 -3.5561696e-02
1.9420211e+03 2.4282036e+01 8.9345163e-01 6.7230576e-01 6.8085617e-01 -3.1100437e-02
1.9509182e+03 2.4284046e+01 8.9227039e-01 6.7200953e-01 6.8035138e-01 -2.6639743e-02
1.9598156e+03 2.4285748e+01 8.9127111e-01 6.7175716e-01 6.7992121e-01 -2.2183841e-02
1.9687130e+03 2.4287144e+01 8.9044917e-01 6.7155361e-01 6.7956048e-01 -1.7734651e-02
1.9776108e+03 2.4288240e+01 8.8979608e-01 6.7140043e-01 6.7926854e-01 -1.3292710e-02
1.9865087e+03 2.4289030e+01 8.8931608e-01 6.7129457e-01 6.7905456e-01 -8.8569848e-03
1.9954065e+03 2.4289505e+01 8.8902450e-01 6.7123199e-01 6.7892569e-01 -4.4269455e-03
2.0043044e+03 2.4289661e+01 8.8892841e-01 6.7121100e-01 6.7888469e-01 0.0000000e+00
