      y+          U+           u'+            v'+           w'+           u'v'+
0.000000e+00 0.000000e+00 2.632981e-04 0.000000e+00 3.307637e-04 0.000000e+00
3.143681e-01 3.144120e-01 1.387964e-01 1.597273e-03 9.054154e-02 -3.552350e-05
7.496643e-01 7.496961e-01 3.296465e-01 7.053042e-03 2.035221e-01 -4.945921e-04
1.302095e+00 1.301312e+00 5.699363e-01 1.899207e-02 3.315311e-01 -2.668708e-03
1.968065e+00 1.963269e+00 8.549929e-01 3.900300e-02 4.655855e-01 -9.319093e-03
2.744162e+00 2.725978e+00 1.175232e+00 6.766629e-02 5.984050e-01 -2.475990e-02
3.627156e+00 3.573911e+00 1.514018e+00 1.046261e-01 7.246612e-01 -5.383175e-02
4.613980e+00 4.484234e+00 1.849169e+00 1.488593e-01 8.412952e-01 -9.993640e-02
5.701720e+00 5.427853e+00 2.158069e+00 1.989998e-01 9.471791e-01 -1.632738e-01
6.887596e+00 6.372955e+00 2.423170e+00 2.535943e-01 1.042467e+00 -2.404587e-01
8.168964e+00 7.289745e+00 2.635065e+00 3.112497e-01 1.127876e+00 -3.256432e-01
9.543306e+00 8.154473e+00 2.792389e+00 3.706779e-01 1.204172e+00 -4.123722e-01
1.100822e+01 8.951503e+00 2.899636e+00 4.306987e-01 1.271967e+00 -4.951767e-01
1.256141e+01 9.673267e+00 2.964438e+00 4.902403e-01 1.331733e+00 -5.703963e-01
1.420069e+01 1.031878e+01 2.995325e+00 5.483582e-01 1.383904e+00 -6.362250e-01
1.592396e+01 1.089160e+01 3.000358e+00 6.042603e-01 1.428960e+00 -6.923127e-01
1.772920e+01 1.139791e+01 2.986482e+00 6.573281e-01 1.467456e+00 -7.392306e-01
1.961451e+01 1.184503e+01 2.959376e+00 7.071205e-01 1.500011e+00 -7.780169e-01
2.157803e+01 1.224043e+01 2.923526e+00 7.533638e-01 1.527282e+00 -8.098566e-01
2.361801e+01 1.259118e+01 2.882393e+00 7.959293e-01 1.549924e+00 -8.359012e-01
2.573275e+01 1.290366e+01 2.838599e+00 8.348068e-01 1.568564e+00 -8.571764e-01
2.792061e+01 1.318349e+01 2.794086e+00 8.700768e-01 1.583774e+00 -8.745566e-01
3.018004e+01 1.343556e+01 2.750258e+00 9.018856e-01 1.596055e+00 -8.887648e-01
3.250954e+01 1.366403e+01 2.708093e+00 9.304231e-01 1.605836e+00 -9.003917e-01
3.490765e+01 1.387248e+01 2.668245e+00 9.559058e-01 1.613479e+00 -9.099171e-01
3.737299e+01 1.406392e+01 2.631118e+00 9.785632e-01 1.619290e+00 -9.177307e-01
3.990421e+01 1.424091e+01 2.596923e+00 9.986288e-01 1.623525e+00 -9.241479e-01
4.250003e+01 1.440560e+01 2.565728e+00 1.016333e+00 1.626401e+00 -9.294260e-01
4.515918e+01 1.455981e+01 2.537497e+00 1.031899e+00 1.628101e+00 -9.337733e-01
4.788048e+01 1.470505e+01 2.512119e+00 1.045538e+00 1.628784e+00 -9.373592e-01
5.066277e+01 1.484256e+01 2.489434e+00 1.057450e+00 1.628590e+00 -9.403208e-01
5.350492e+01 1.497341e+01 2.469253e+00 1.067820e+00 1.627638e+00 -9.427690e-01
5.640586e+01 1.509846e+01 2.451368e+00 1.076819e+00 1.626035e+00 -9.447936e-01
5.936453e+01 1.521843e+01 2.435572e+00 1.084605e+00 1.623873e+00 -9.464677e-01
6.237992e+01 1.533394e+01 2.421657e+00 1.091321e+00 1.621233e+00 -9.478502e-01
6.545106e+01 1.544548e+01 2.409427e+00 1.097094e+00 1.618193e+00 -9.489892e-01
6.857700e+01 1.555346e+01 2.398693e+00 1.102041e+00 1.614820e+00 -9.499226e-01
7.175682e+01 1.565824e+01 2.389279e+00 1.106264e+00 1.611175e+00 -9.506825e-01
7.498964e+01 1.576011e+01 2.381028e+00 1.109856e+00 1.607311e+00 -9.512943e-01
7.827459e+01 1.585933e+01 2.373794e+00 1.112898e+00 1.603275e+00 -9.517790e-01
8.161084e+01 1.595609e+01 2.367443e+00 1.115463e+00 1.599111e+00 -9.521535e-01
8.499759e+01 1.605059e+01 2.361858e+00 1.117615e+00 1.594855e+00 -9.524325e-01
8.843403e+01 1.614299e+01 2.356936e+00 1.119409e+00 1.590537e+00 -9.526280e-01
9.191943e+01 1.623341e+01 2.352588e+00 1.120894e+00 1.586181e+00 -9.527521e-01
9.545303e+01 1.632197e+01 2.348737e+00 1.122112e+00 1.581809e+00 -9.528143e-01
9.903412e+01 1.640877e+01 2.345312e+00 1.123100e+00 1.577437e+00 -9.528214e-01
1.026620e+02 1.649389e+01 2.342252e+00 1.123889e+00 1.573079e+00 -9.527801e-01
1.063360e+02 1.657742e+01 2.339505e+00 1.124507e+00 1.568744e+00 -9.526937e-01
1.100554e+02 1.665942e+01 2.337026e+00 1.124978e+00 1.564439e+00 -9.525686e-01
1.138197e+02 1.673996e+01 2.334776e+00 1.125321e+00 1.560176e+00 -9.524104e-01
1.176281e+02 1.681909e+01 2.332721e+00 1.125555e+00 1.555960e+00 -9.522188e-01
1.214801e+02 1.689685e+01 2.330831e+00 1.125693e+00 1.551797e+00 -9.520041e-01
1.253751e+02 1.697331e+01 2.329081e+00 1.125749e+00 1.547690e+00 -9.517606e-01
1.293126e+02 1.704850e+01 2.327448e+00 1.125734e+00 1.543647e+00 -9.514937e-01
1.332919e+02 1.712247e+01 2.325912e+00 1.125659e+00 1.539669e+00 -9.512086e-01
1.373124e+02 1.719525e+01 2.324453e+00 1.125532e+00 1.535757e+00 -9.508985e-01
1.413738e+02 1.726688e+01 2.323056e+00 1.125359e+00 1.531913e+00 -9.505746e-01
1.454754e+02 1.733740e+01 2.321705e+00 1.125147e+00 1.528135e+00 -9.502331e-01
1.496168e+02 1.740686e+01 2.320393e+00 1.124901e+00 1.524424e+00 -9.498738e-01
1.537975e+02 1.747526e+01 2.319114e+00 1.124625e+00 1.520780e+00 -9.495026e-01
1.580169e+02 1.754265e+01 2.317860e+00 1.124322e+00 1.517202e+00 -9.491194e-01
1.622746e+02 1.760904e+01 2.316628e+00 1.123995e+00 1.513690e+00 -9.487284e-01
1.665702e+02 1.767446e+01 2.315411e+00 1.123646e+00 1.510240e+00 -9.483179e-01
1.709032e+02 1.773894e+01 2.314203e+00 1.123278e+00 1.506847e+00 -9.478914e-01
1.752731e+02 1.780250e+01 2.312994e+00 1.122895e+00 1.503511e+00 -9.474648e-01
1.796796e+02 1.786516e+01 2.311779e+00 1.122497e+00 1.500231e+00 -9.470143e-01
1.841223e+02 1.792695e+01 2.310552e+00 1.122084e+00 1.497006e+00 -9.465455e-01
1.886006e+02 1.798789e+01 2.309314e+00 1.121658e+00 1.493832e+00 -9.460584e-01
1.931142e+02 1.804801e+01 2.308065e+00 1.121217e+00 1.490704e+00 -9.455495e-01
1.976628e+02 1.810731e+01 2.306800e+00 1.120764e+00 1.487619e+00 -9.450384e-01
2.022460e+02 1.816582e+01 2.305517e+00 1.120300e+00 1.484570e+00 -9.445125e-01
2.068633e+02 1.822356e+01 2.304213e+00 1.119827e+00 1.481554e+00 -9.439564e-01
2.115144e+02 1.828055e+01 2.302885e+00 1.119347e+00 1.478567e+00 -9.433607e-01
2.161990e+02 1.833680e+01 2.301535e+00 1.118862e+00 1.475606e+00 -9.427565e-01
2.209167e+02 1.839233e+01 2.300163e+00 1.118372e+00 1.472669e+00 -9.421396e-01
2.256672e+02 1.844716e+01 2.298766e+00 1.117877e+00 1.469758e+00 -9.415025e-01
2.304500e+02 1.850129e+01 2.297343e+00 1.117376e+00 1.466871e+00 -9.408312e-01
2.352650e+02 1.855476e+01 2.295893e+00 1.116868e+00 1.464008e+00 -9.400926e-01
2.401118e+02 1.860756e+01 2.294415e+00 1.116352e+00 1.461172e+00 -9.393675e-01
2.449901e+02 1.865972e+01 2.292907e+00 1.115827e+00 1.458366e+00 -9.385837e-01
2.498995e+02 1.871124e+01 2.291369e+00 1.115292e+00 1.455588e+00 -9.378310e-01
2.548398e+02 1.876214e+01 2.289803e+00 1.114747e+00 1.452835e+00 -9.369753e-01
2.598106e+02 1.881243e+01 2.288210e+00 1.114193e+00 1.450103e+00 -9.361313e-01
2.648117e+02 1.886212e+01 2.286588e+00 1.113630e+00 1.447389e+00 -9.352069e-01
2.698428e+02 1.891123e+01 2.284934e+00 1.113059e+00 1.444695e+00 -9.343198e-01
2.749037e+02 1.895977e+01 2.283246e+00 1.112484e+00 1.442018e+00 -9.333466e-01
2.799939e+02 1.900774e+01 2.281524e+00 1.111905e+00 1.439359e+00 -9.323605e-01
2.851134e+02 1.905516e+01 2.279770e+00 1.111322e+00 1.436718e+00 -9.313105e-01
2.902617e+02 1.910203e+01 2.277984e+00 1.110735e+00 1.434097e+00 -9.302694e-01
2.954387e+02 1.914838e+01 2.276164e+00 1.110142e+00 1.431499e+00 -9.292227e-01
3.006441e+02 1.919420e+01 2.274309e+00 1.109543e+00 1.428925e+00 -9.281061e-01
3.058777e+02 1.923950e+01 2.272414e+00 1.108938e+00 1.426376e+00 -9.269846e-01
3.111391e+02 1.928430e+01 2.270478e+00 1.108327e+00 1.423849e+00 -9.257808e-01
3.164283e+02 1.932861e+01 2.268505e+00 1.107710e+00 1.421338e+00 -9.246022e-01
3.217448e+02 1.937242e+01 2.266501e+00 1.107086e+00 1.418841e+00 -9.234257e-01
3.270886e+02 1.941575e+01 2.264469e+00 1.106456e+00 1.416353e+00 -9.221972e-01
3.324593e+02 1.945861e+01 2.262409e+00 1.105820e+00 1.413871e+00 -9.209188e-01
3.378568e+02 1.950099e+01 2.260319e+00 1.105180e+00 1.411393e+00 -9.196120e-01
3.432808e+02 1.954292e+01 2.258195e+00 1.104536e+00 1.408919e+00 -9.183567e-01
3.487311e+02 1.958439e+01 2.256037e+00 1.103890e+00 1.406444e+00 -9.171015e-01
3.542075e+02 1.962541e+01 2.253845e+00 1.103245e+00 1.403969e+00 -9.157845e-01
3.597098e+02 1.966600e+01 2.251620e+00 1.102599e+00 1.401497e+00 -9.143878e-01
3.652379e+02 1.970615e+01 2.249361e+00 1.101955e+00 1.399031e+00 -9.130805e-01
3.707914e+02 1.974588e+01 2.247070e+00 1.101311e+00 1.396573e+00 -9.117369e-01
3.763702e+02 1.978520e+01 2.244750e+00 1.100668e+00 1.394123e+00 -9.103394e-01
3.819741e+02 1.982411e+01 2.242407e+00 1.100024e+00 1.391680e+00 -9.090121e-01
3.876029e+02 1.986263e+01 2.240045e+00 1.099379e+00 1.389240e+00 -9.076213e-01
3.932564e+02 1.990075e+01 2.237666e+00 1.098732e+00 1.386801e+00 -9.062225e-01
3.989344e+02 1.993848e+01 2.235270e+00 1.098084e+00 1.384360e+00 -9.048195e-01
4.046368e+02 1.997584e+01 2.232852e+00 1.097435e+00 1.381919e+00 -9.034791e-01
4.103634e+02 2.001281e+01 2.230412e+00 1.096784e+00 1.379480e+00 -9.020498e-01
4.161140e+02 2.004941e+01 2.227947e+00 1.096133e+00 1.377045e+00 -9.006154e-01
4.218884e+02 2.008564e+01 2.225457e+00 1.095482e+00 1.374615e+00 -8.992966e-01
4.276864e+02 2.012152e+01 2.222942e+00 1.094830e+00 1.372191e+00 -8.978353e-01
4.335079e+02 2.015704e+01 2.220400e+00 1.094177e+00 1.369776e+00 -8.964373e-01
4.393528e+02 2.019221e+01 2.217827e+00 1.093524e+00 1.367368e+00 -8.950288e-01
4.452208e+02 2.022704e+01 2.215220e+00 1.092871e+00 1.364967e+00 -8.936106e-01
4.511117e+02 2.026152e+01 2.212581e+00 1.092219e+00 1.362573e+00 -8.921351e-01
4.570256e+02 2.029568e+01 2.209914e+00 1.091569e+00 1.360191e+00 -8.906813e-01
4.629621e+02 2.032950e+01 2.207220e+00 1.090924e+00 1.357823e+00 -8.893276e-01
4.689211e+02 2.036302e+01 2.204500e+00 1.090283e+00 1.355475e+00 -8.878305e-01
4.749025e+02 2.039623e+01 2.201757e+00 1.089646e+00 1.353148e+00 -8.864469e-01
4.809061e+02 2.042914e+01 2.198991e+00 1.089013e+00 1.350841e+00 -8.849216e-01
4.869318e+02 2.046176e+01 2.196204e+00 1.088383e+00 1.348554e+00 -8.834906e-01
4.929794e+02 2.049409e+01 2.193397e+00 1.087755e+00 1.346288e+00 -8.820742e-01
4.990488e+02 2.052612e+01 2.190571e+00 1.087131e+00 1.344039e+00 -8.805854e-01
5.051399e+02 2.055786e+01 2.187728e+00 1.086509e+00 1.341810e+00 -8.791457e-01
5.112524e+02 2.058932e+01 2.184867e+00 1.085889e+00 1.339600e+00 -8.776477e-01
5.173864e+02 2.062049e+01 2.181990e+00 1.085269e+00 1.337410e+00 -8.762214e-01
5.235415e+02 2.065139e+01 2.179099e+00 1.084650e+00 1.335240e+00 -8.747737e-01
5.297178e+02 2.068201e+01 2.176199e+00 1.084033e+00 1.333085e+00 -8.732414e-01
5.359151e+02 2.071237e+01 2.173290e+00 1.083416e+00 1.330941e+00 -8.717244e-01
5.421332e+02 2.074245e+01 2.170370e+00 1.082799e+00 1.328803e+00 -8.703062e-01
5.483720e+02 2.077226e+01 2.167438e+00 1.082182e+00 1.326672e+00 -8.687880e-01
5.546314e+02 2.080182e+01 2.164495e+00 1.081564e+00 1.324549e+00 -8.672573e-01
5.609112e+02 2.083112e+01 2.161539e+00 1.080944e+00 1.322439e+00 -8.658245e-01
5.672115e+02 2.086017e+01 2.158573e+00 1.080323e+00 1.320341e+00 -8.642254e-01
5.735319e+02 2.088898e+01 2.155599e+00 1.079700e+00 1.318256e+00 -8.627306e-01
5.798724e+02 2.091754e+01 2.152612e+00 1.079075e+00 1.316185e+00 -8.612333e-01
5.862329e+02 2.094587e+01 2.149614e+00 1.078448e+00 1.314127e+00 -8.597483e-01
5.926133e+02 2.097397e+01 2.146606e+00 1.077819e+00 1.312080e+00 -8.581898e-01
5.990135e+02 2.100184e+01 2.143590e+00 1.077187e+00 1.310046e+00 -8.566560e-01
6.054332e+02 2.102950e+01 2.140566e+00 1.076554e+00 1.308024e+00 -8.550719e-01
6.118725e+02 2.105695e+01 2.137532e+00 1.075918e+00 1.306010e+00 -8.535448e-01
6.183313e+02 2.108420e+01 2.134486e+00 1.075279e+00 1.304003e+00 -8.519884e-01
6.248093e+02 2.111125e+01 2.131429e+00 1.074636e+00 1.302000e+00 -8.504664e-01
6.313065e+02 2.113810e+01 2.128361e+00 1.073989e+00 1.300004e+00 -8.489391e-01
6.378229e+02 2.116476e+01 2.125285e+00 1.073337e+00 1.298011e+00 -8.473266e-01
6.443582e+02 2.119122e+01 2.122202e+00 1.072681e+00 1.296020e+00 -8.458082e-01
6.509124e+02 2.121750e+01 2.119112e+00 1.072021e+00 1.294034e+00 -8.442645e-01
6.574854e+02 2.124360e+01 2.116016e+00 1.071358e+00 1.292055e+00 -8.426751e-01
6.640770e+02 2.126952e+01 2.112913e+00 1.070692e+00 1.290082e+00 -8.410669e-01
6.706873e+02 2.129528e+01 2.109804e+00 1.070025e+00 1.288116e+00 -8.394997e-01
6.773160e+02 2.132088e+01 2.106691e+00 1.069357e+00 1.286156e+00 -8.378936e-01
6.839631e+02 2.134632e+01 2.103574e+00 1.068689e+00 1.284207e+00 -8.362791e-01
6.906285e+02 2.137161e+01 2.100453e+00 1.068022e+00 1.282268e+00 -8.346873e-01
6.973122e+02 2.139674e+01 2.097325e+00 1.067356e+00 1.280338e+00 -8.331307e-01
7.040139e+02 2.142172e+01 2.094190e+00 1.066691e+00 1.278413e+00 -8.314841e-01
7.107336e+02 2.144656e+01 2.091051e+00 1.066028e+00 1.276495e+00 -8.299609e-01
7.174712e+02 2.147126e+01 2.087910e+00 1.065364e+00 1.274586e+00 -8.283550e-01
7.242267e+02 2.149582e+01 2.084770e+00 1.064699e+00 1.272690e+00 -8.267132e-01
7.309998e+02 2.152025e+01 2.081629e+00 1.064032e+00 1.270807e+00 -8.250648e-01
7.377907e+02 2.154454e+01 2.078489e+00 1.063363e+00 1.268935e+00 -8.234446e-01
7.445991e+02 2.156870e+01 2.075354e+00 1.062693e+00 1.267074e+00 -8.217784e-01
7.514249e+02 2.159272e+01 2.072222e+00 1.062022e+00 1.265225e+00 -8.201810e-01
7.582682e+02 2.161661e+01 2.069092e+00 1.061353e+00 1.263382e+00 -8.185543e-01
7.651287e+02 2.164035e+01 2.065960e+00 1.060686e+00 1.261539e+00 -8.169015e-01
7.720065e+02 2.166395e+01 2.062824e+00 1.060022e+00 1.259692e+00 -8.152387e-01
7.789014e+02 2.168742e+01 2.059682e+00 1.059359e+00 1.257842e+00 -8.136583e-01
7.858134e+02 2.171074e+01 2.056534e+00 1.058698e+00 1.255994e+00 -8.119259e-01
7.927423e+02 2.173392e+01 2.053382e+00 1.058037e+00 1.254155e+00 -8.103337e-01
7.996881e+02 2.175697e+01 2.050230e+00 1.057375e+00 1.252329e+00 -8.086379e-01
8.066507e+02 2.177987e+01 2.047079e+00 1.056711e+00 1.250521e+00 -8.069939e-01
8.136301e+02 2.180264e+01 2.043929e+00 1.056043e+00 1.248734e+00 -8.053126e-01
8.206261e+02 2.182527e+01 2.040778e+00 1.055372e+00 1.246972e+00 -8.036092e-01
8.276387e+02 2.184776e+01 2.037626e+00 1.054697e+00 1.245231e+00 -8.019803e-01
8.346678e+02 2.187011e+01 2.034477e+00 1.054018e+00 1.243505e+00 -8.002873e-01
8.417133e+02 2.189233e+01 2.031335e+00 1.053336e+00 1.241789e+00 -7.986094e-01
8.487752e+02 2.191441e+01 2.028204e+00 1.052652e+00 1.240078e+00 -7.969198e-01
8.558534e+02 2.193634e+01 2.025083e+00 1.051965e+00 1.238369e+00 -7.952128e-01
8.629477e+02 2.195814e+01 2.021969e+00 1.051276e+00 1.236662e+00 -7.934598e-01
8.700582e+02 2.197979e+01 2.018860e+00 1.050583e+00 1.234956e+00 -7.917992e-01
8.771848e+02 2.200129e+01 2.015755e+00 1.049890e+00 1.233250e+00 -7.901005e-01
8.843274e+02 2.202265e+01 2.012651e+00 1.049194e+00 1.231547e+00 -7.884138e-01
8.914859e+02 2.204387e+01 2.009551e+00 1.048498e+00 1.229849e+00 -7.866218e-01
8.986602e+02 2.206494e+01 2.006455e+00 1.047798e+00 1.228159e+00 -7.849612e-01
9.058503e+02 2.208586e+01 2.003366e+00 1.047095e+00 1.226475e+00 -7.831969e-01
9.130561e+02 2.210663e+01 2.000284e+00 1.046387e+00 1.224798e+00 -7.814954e-01
9.202776e+02 2.212727e+01 1.997208e+00 1.045675e+00 1.223130e+00 -7.797912e-01
9.275147e+02 2.214777e+01 1.994139e+00 1.044957e+00 1.221472e+00 -7.780093e-01
9.347673e+02 2.216815e+01 1.991078e+00 1.044235e+00 1.219824e+00 -7.762830e-01
9.420353e+02 2.218840e+01 1.988027e+00 1.043508e+00 1.218181e+00 -7.745758e-01
9.493188e+02 2.220853e+01 1.984988e+00 1.042778e+00 1.216539e+00 -7.727980e-01
9.566175e+02 2.222854e+01 1.981962e+00 1.042045e+00 1.214893e+00 -7.710429e-01
9.639316e+02 2.224843e+01 1.978947e+00 1.041307e+00 1.213245e+00 -7.693396e-01
9.712608e+02 2.226820e+01 1.975945e+00 1.040564e+00 1.211600e+00 -7.675952e-01
9.786051e+02 2.228785e+01 1.972954e+00 1.039814e+00 1.209956e+00 -7.658115e-01
9.859646e+02 2.230739e+01 1.969969e+00 1.039055e+00 1.208310e+00 -7.640199e-01
9.933390e+02 2.232681e+01 1.966990e+00 1.038288e+00 1.206665e+00 -7.622752e-01
1.000728e+03 2.234610e+01 1.964018e+00 1.037513e+00 1.205021e+00 -7.605394e-01
1.008133e+03 2.236528e+01 1.961052e+00 1.036731e+00 1.203381e+00 -7.587318e-01
1.015552e+03 2.238433e+01 1.958092e+00 1.035942e+00 1.201746e+00 -7.569345e-01
1.022986e+03 2.240327e+01 1.955135e+00 1.035147e+00 1.200111e+00 -7.551967e-01
1.030434e+03 2.242211e+01 1.952178e+00 1.034348e+00 1.198472e+00 -7.534145e-01
1.037898e+03 2.244085e+01 1.949218e+00 1.033544e+00 1.196822e+00 -7.516514e-01
1.045376e+03 2.245950e+01 1.946250e+00 1.032738e+00 1.195161e+00 -7.498860e-01
1.052868e+03 2.247806e+01 1.943271e+00 1.031928e+00 1.193495e+00 -7.480820e-01
1.060375e+03 2.249653e+01 1.940279e+00 1.031115e+00 1.191831e+00 -7.462944e-01
1.067897e+03 2.251492e+01 1.937279e+00 1.030299e+00 1.190171e+00 -7.444575e-01
1.075432e+03 2.253321e+01 1.934270e+00 1.029479e+00 1.188516e+00 -7.426996e-01
1.082982e+03 2.255141e+01 1.931253e+00 1.028658e+00 1.186867e+00 -7.408023e-01
1.090547e+03 2.256952e+01 1.928227e+00 1.027834e+00 1.185228e+00 -7.390194e-01
1.098126e+03 2.258753e+01 1.925193e+00 1.027008e+00 1.183600e+00 -7.372700e-01
1.105718e+03 2.260546e+01 1.922152e+00 1.026178e+00 1.181987e+00 -7.354502e-01
1.113325e+03 2.262329e+01 1.919107e+00 1.025343e+00 1.180388e+00 -7.336120e-01
1.120946e+03 2.264105e+01 1.916060e+00 1.024503e+00 1.178800e+00 -7.317637e-01
1.128581e+03 2.265871e+01 1.913013e+00 1.023658e+00 1.177222e+00 -7.299694e-01
1.136230e+03 2.267628e+01 1.909964e+00 1.022807e+00 1.175650e+00 -7.281509e-01
1.143893e+03 2.269377e+01 1.906913e+00 1.021951e+00 1.174085e+00 -7.262453e-01
1.151570e+03 2.271118e+01 1.903861e+00 1.021089e+00 1.172528e+00 -7.244456e-01
1.159260e+03 2.272850e+01 1.900806e+00 1.020219e+00 1.170981e+00 -7.225626e-01
1.166965e+03 2.274574e+01 1.897747e+00 1.019343e+00 1.169446e+00 -7.207533e-01
1.174683e+03 2.276292e+01 1.894681e+00 1.018461e+00 1.167928e+00 -7.189064e-01
1.182415e+03 2.278003e+01 1.891610e+00 1.017572e+00 1.166433e+00 -7.170950e-01
1.190160e+03 2.279708e+01 1.888537e+00 1.016679e+00 1.164958e+00 -7.152415e-01
1.197919e+03 2.281406e+01 1.885465e+00 1.015780e+00 1.163500e+00 -7.133806e-01
1.205691e+03 2.283098e+01 1.882395e+00 1.014878e+00 1.162052e+00 -7.114704e-01
1.213477e+03 2.284783e+01 1.879328e+00 1.013973e+00 1.160611e+00 -7.096425e-01
1.221277e+03 2.286463e+01 1.876261e+00 1.013065e+00 1.159170e+00 -7.077161e-01
1.229089e+03 2.288136e+01 1.873188e+00 1.012153e+00 1.157729e+00 -7.058449e-01
1.236916e+03 2.289804e+01 1.870109e+00 1.011237e+00 1.156289e+00 -7.039615e-01
1.244755e+03 2.291466e+01 1.867020e+00 1.010315e+00 1.154853e+00 -7.021330e-01
1.252608e+03 2.293122e+01 1.863927e+00 1.009389e+00 1.153419e+00 -7.002807e-01
1.260474e+03 2.294771e+01 1.860832e+00 1.008459e+00 1.151988e+00 -6.983979e-01
1.268353e+03 2.296414e+01 1.857740e+00 1.007524e+00 1.150555e+00 -6.964813e-01
1.276245e+03 2.298049e+01 1.854652e+00 1.006585e+00 1.149117e+00 -6.945702e-01
1.284150e+03 2.299678e+01 1.851569e+00 1.005642e+00 1.147669e+00 -6.927200e-01
1.292068e+03 2.301300e+01 1.848489e+00 1.004693e+00 1.146210e+00 -6.908137e-01
1.300000e+03 2.302915e+01 1.845413e+00 1.003739e+00 1.144744e+00 -6.888980e-01
1.307944e+03 2.304524e+01 1.842339e+00 1.002779e+00 1.143278e+00 -6.869691e-01
1.315901e+03 2.306126e+01 1.839266e+00 1.001814e+00 1.141817e+00 -6.851406e-01
1.323871e+03 2.307721e+01 1.836194e+00 1.000841e+00 1.140364e+00 -6.831779e-01
1.331854e+03 2.309310e+01 1.833128e+00 9.998613e-01 1.138920e+00 -6.812814e-01
1.339850e+03 2.310894e+01 1.830072e+00 9.988728e-01 1.137488e+00 -6.793825e-01
1.347858e+03 2.312471e+01 1.827026e+00 9.978759e-01 1.136067e+00 -6.774210e-01
1.355880e+03 2.314042e+01 1.823988e+00 9.968709e-01 1.134655e+00 -6.755507e-01
1.363913e+03 2.315607e+01 1.820957e+00 9.958586e-01 1.133252e+00 -6.736496e-01
1.371960e+03 2.317167e+01 1.817929e+00 9.948402e-01 1.131856e+00 -6.716786e-01
1.380019e+03 2.318722e+01 1.814900e+00 9.938160e-01 1.130464e+00 -6.697510e-01
1.388091e+03 2.320272e+01 1.811869e+00 9.927858e-01 1.129075e+00 -6.678491e-01
1.396175e+03 2.321818e+01 1.808834e+00 9.917493e-01 1.127689e+00 -6.658671e-01
1.404271e+03 2.323360e+01 1.805795e+00 9.907069e-01 1.126307e+00 -6.639099e-01
1.412381e+03 2.324899e+01 1.802754e+00 9.896590e-01 1.124925e+00 -6.619713e-01
1.420502e+03 2.326434e+01 1.799715e+00 9.886065e-01 1.123541e+00 -6.601132e-01
1.428636e+03 2.327966e+01 1.796676e+00 9.875502e-01 1.122157e+00 -6.581562e-01
1.436782e+03 2.329493e+01 1.793637e+00 9.864905e-01 1.120775e+00 -6.562277e-01
1.444941e+03 2.331017e+01 1.790599e+00 9.854276e-01 1.119397e+00 -6.542170e-01
1.453111e+03 2.332537e+01 1.787562e+00 9.843616e-01 1.118023e+00 -6.523114e-01
1.461294e+03 2.334054e+01 1.784525e+00 9.832926e-01 1.116654e+00 -6.503236e-01
1.469490e+03 2.335567e+01 1.781488e+00 9.822207e-01 1.115291e+00 -6.483148e-01
1.477697e+03 2.337077e+01 1.778451e+00 9.811462e-01 1.113940e+00 -6.463844e-01
1.485916e+03 2.338584e+01 1.775414e+00 9.800689e-01 1.112600e+00 -6.444354e-01
1.494148e+03 2.340087e+01 1.772379e+00 9.789885e-01 1.111273e+00 -6.424817e-01
1.502392e+03 2.341586e+01 1.769345e+00 9.779049e-01 1.109956e+00 -6.404857e-01
1.510647e+03 2.343081e+01 1.766310e+00 9.768184e-01 1.108646e+00 -6.384586e-01
1.518915e+03 2.344573e+01 1.763275e+00 9.757296e-01 1.107336e+00 -6.365634e-01
1.527195e+03 2.346060e+01 1.760242e+00 9.746396e-01 1.106025e+00 -6.345474e-01
1.535486e+03 2.347543e+01 1.757210e+00 9.735487e-01 1.104710e+00 -6.325247e-01
1.543790e+03 2.349023e+01 1.754182e+00 9.724566e-01 1.103386e+00 -6.306190e-01
1.552105e+03 2.350497e+01 1.751158e+00 9.713624e-01 1.102049e+00 -6.285644e-01
1.560432e+03 2.351967e+01 1.748139e+00 9.702649e-01 1.100696e+00 -6.265430e-01
1.568771e+03 2.353432e+01 1.745122e+00 9.691639e-01 1.099330e+00 -6.246171e-01
1.577121e+03 2.354893e+01 1.742105e+00 9.680598e-01 1.097953e+00 -6.226337e-01
1.585484e+03 2.356350e+01 1.739086e+00 9.669536e-01 1.096571e+00 -6.205775e-01
1.593858e+03 2.357803e+01 1.736066e+00 9.658464e-01 1.095186e+00 -6.185511e-01
1.602244e+03 2.359253e+01 1.733042e+00 9.647390e-01 1.093794e+00 -6.165743e-01
1.610641e+03 2.360699e+01 1.730015e+00 9.636319e-01 1.092395e+00 -6.145359e-01
1.619050e+03 2.362141e+01 1.726991e+00 9.625248e-01 1.090989e+00 -6.125943e-01
1.627471e+03 2.363580e+01 1.723973e+00 9.614168e-01 1.089577e+00 -6.105231e-01
1.635903e+03 2.365015e+01 1.720957e+00 9.603073e-01 1.088165e+00 -6.085462e-01
1.644347e+03 2.366446e+01 1.717937e+00 9.591964e-01 1.086754e+00 -6.065184e-01
1.652802e+03 2.367874e+01 1.714909e+00 9.580847e-01 1.085348e+00 -6.045213e-01
1.661268e+03 2.369298e+01 1.711876e+00 9.569723e-01 1.083943e+00 -6.024290e-01
1.669746e+03 2.370719e+01 1.708837e+00 9.558595e-01 1.082537e+00 -6.004196e-01
1.678236e+03 2.372136e+01 1.705794e+00 9.547458e-01 1.081126e+00 -5.983767e-01
1.686737e+03 2.373549e+01 1.702747e+00 9.536305e-01 1.079707e+00 -5.963358e-01
1.695249e+03 2.374959e+01 1.699695e+00 9.525132e-01 1.078279e+00 -5.943726e-01
1.703772e+03 2.376366e+01 1.696638e+00 9.513940e-01 1.076843e+00 -5.922446e-01
1.712307e+03 2.377768e+01 1.693575e+00 9.502730e-01 1.075398e+00 -5.902476e-01
1.720853e+03 2.379167e+01 1.690504e+00 9.491511e-01 1.073946e+00 -5.881767e-01
1.729411e+03 2.380562e+01 1.687423e+00 9.480286e-01 1.072490e+00 -5.861302e-01
1.737979e+03 2.381953e+01 1.684328e+00 9.469055e-01 1.071028e+00 -5.840709e-01
1.746559e+03 2.383342e+01 1.681220e+00 9.457813e-01 1.069560e+00 -5.820853e-01
1.755150e+03 2.384727e+01 1.678098e+00 9.446553e-01 1.068089e+00 -5.799994e-01
1.763752e+03 2.386108e+01 1.674968e+00 9.435272e-01 1.066614e+00 -5.779249e-01
1.772365e+03 2.387486e+01 1.671832e+00 9.423970e-01 1.065134e+00 -5.758323e-01
1.780989e+03 2.388861e+01 1.668692e+00 9.412638e-01 1.063646e+00 -5.737783e-01
1.789625e+03 2.390231e+01 1.665546e+00 9.401262e-01 1.062151e+00 -5.717058e-01
1.798271e+03 2.391597e+01 1.662396e+00 9.389828e-01 1.060645e+00 -5.696680e-01
1.806928e+03 2.392958e+01 1.659242e+00 9.378330e-01 1.059131e+00 -5.675963e-01
1.815597e+03 2.394315e+01 1.656088e+00 9.366771e-01 1.057612e+00 -5.654948e-01
1.824276e+03 2.395667e+01 1.652932e+00 9.355162e-01 1.056092e+00 -5.634998e-01
1.832966e+03 2.397013e+01 1.649776e+00 9.343519e-01 1.054573e+00 -5.613352e-01
1.841668e+03 2.398355e+01 1.646622e+00 9.331851e-01 1.053056e+00 -5.593008e-01
1.850380e+03 2.399691e+01 1.643473e+00 9.320163e-01 1.051541e+00 -5.572532e-01
1.859103e+03 2.401023e+01 1.640330e+00 9.308444e-01 1.050025e+00 -5.550948e-01
1.867836e+03 2.402352e+01 1.637194e+00 9.296670e-01 1.048508e+00 -5.530639e-01
1.876581e+03 2.403677e+01 1.634068e+00 9.284821e-01 1.046994e+00 -5.509724e-01
1.885337e+03 2.404999e+01 1.630950e+00 9.272884e-01 1.045486e+00 -5.488311e-01
1.894103e+03 2.406316e+01 1.627837e+00 9.260848e-01 1.043985e+00 -5.467685e-01
1.902880e+03 2.407630e+01 1.624729e+00 9.248705e-01 1.042495e+00 -5.446612e-01
1.911667e+03 2.408939e+01 1.621624e+00 9.236457e-01 1.041020e+00 -5.425505e-01
1.920466e+03 2.410243e+01 1.618518e+00 9.224113e-01 1.039559e+00 -5.404446e-01
1.929275e+03 2.411542e+01 1.615412e+00 9.211686e-01 1.038104e+00 -5.383386e-01
1.938095e+03 2.412837e+01 1.612306e+00 9.199179e-01 1.036649e+00 -5.362057e-01
1.946925e+03 2.414127e+01 1.609203e+00 9.186593e-01 1.035190e+00 -5.341369e-01
1.955766e+03 2.415413e+01 1.606104e+00 9.173929e-01 1.033725e+00 -5.320191e-01
1.964618e+03 2.416695e+01 1.603011e+00 9.161185e-01 1.032255e+00 -5.299102e-01
1.973480e+03 2.417974e+01 1.599924e+00 9.148359e-01 1.030786e+00 -5.277666e-01
1.982353e+03 2.419251e+01 1.596843e+00 9.135451e-01 1.029322e+00 -5.255987e-01
1.991237e+03 2.420524e+01 1.593767e+00 9.122471e-01 1.027867e+00 -5.235265e-01
2.000131e+03 2.421795e+01 1.590691e+00 9.109432e-01 1.026425e+00 -5.213476e-01
2.009035e+03 2.423064e+01 1.587614e+00 9.096352e-01 1.024997e+00 -5.192215e-01
2.017950e+03 2.424330e+01 1.584538e+00 9.083241e-01 1.023576e+00 -5.170750e-01
2.026876e+03 2.425594e+01 1.581467e+00 9.070110e-01 1.022156e+00 -5.149388e-01
2.035812e+03 2.426856e+01 1.578400e+00 9.056966e-01 1.020729e+00 -5.128539e-01
2.044758e+03 2.428115e+01 1.575337e+00 9.043815e-01 1.019293e+00 -5.107114e-01
2.053715e+03 2.429371e+01 1.572275e+00 9.030661e-01 1.017844e+00 -5.085467e-01
2.062682e+03 2.430625e+01 1.569217e+00 9.017508e-01 1.016381e+00 -5.064207e-01
2.071659e+03 2.431876e+01 1.566158e+00 9.004362e-01 1.014906e+00 -5.042217e-01
2.080647e+03 2.433125e+01 1.563099e+00 8.991226e-01 1.013420e+00 -5.020730e-01
2.089646e+03 2.434371e+01 1.560040e+00 8.978102e-01 1.011927e+00 -4.999451e-01
2.098654e+03 2.435615e+01 1.556981e+00 8.964988e-01 1.010426e+00 -4.978187e-01
2.107673e+03 2.436855e+01 1.553923e+00 8.951880e-01 1.008919e+00 -4.956187e-01
2.116703e+03 2.438092e+01 1.550868e+00 8.938769e-01 1.007405e+00 -4.935027e-01
2.125742e+03 2.439326e+01 1.547813e+00 8.925638e-01 1.005888e+00 -4.913173e-01
2.134792e+03 2.440557e+01 1.544759e+00 8.912462e-01 1.004373e+00 -4.891589e-01
2.143852e+03 2.441784e+01 1.541711e+00 8.899217e-01 1.002860e+00 -4.869754e-01
2.152922e+03 2.443009e+01 1.538667e+00 8.885901e-01 1.001344e+00 -4.847596e-01
2.162003e+03 2.444232e+01 1.535623e+00 8.872520e-01 9.998192e-01 -4.826102e-01
2.171094e+03 2.445452e+01 1.532575e+00 8.859083e-01 9.982843e-01 -4.804123e-01
2.180195e+03 2.446670e+01 1.529519e+00 8.845590e-01 9.967403e-01 -4.783090e-01
2.189306e+03 2.447886e+01 1.526454e+00 8.832037e-01 9.951873e-01 -4.760993e-01
2.198427e+03 2.449101e+01 1.523375e+00 8.818421e-01 9.936251e-01 -4.739643e-01
2.207559e+03 2.450313e+01 1.520283e+00 8.804737e-01 9.920514e-01 -4.717086e-01
2.216700e+03 2.451522e+01 1.517181e+00 8.790993e-01 9.904652e-01 -4.695365e-01
2.225852e+03 2.452730e+01 1.514070e+00 8.777200e-01 9.888681e-01 -4.673210e-01
2.235014e+03 2.453934e+01 1.510949e+00 8.763373e-01 9.872629e-01 -4.651155e-01
2.244186e+03 2.455135e+01 1.507820e+00 8.749528e-01 9.856519e-01 -4.629265e-01
2.253368e+03 2.456333e+01 1.504686e+00 8.735680e-01 9.840380e-01 -4.607813e-01
2.262560e+03 2.457528e+01 1.501548e+00 8.721836e-01 9.824201e-01 -4.586225e-01
2.271763e+03 2.458720e+01 1.498409e+00 8.708001e-01 9.807975e-01 -4.563664e-01
2.280975e+03 2.459908e+01 1.495273e+00 8.694174e-01 9.791709e-01 -4.541952e-01
2.290197e+03 2.461093e+01 1.492141e+00 8.680354e-01 9.775425e-01 -4.519872e-01
2.299430e+03 2.462273e+01 1.489018e+00 8.666543e-01 9.759140e-01 -4.497672e-01
2.308672e+03 2.463450e+01 1.485904e+00 8.652740e-01 9.742829e-01 -4.475785e-01
2.317924e+03 2.464622e+01 1.482802e+00 8.638945e-01 9.726491e-01 -4.452993e-01
2.327187e+03 2.465791e+01 1.479709e+00 8.625163e-01 9.710114e-01 -4.430827e-01
2.336459e+03 2.466956e+01 1.476625e+00 8.611410e-01 9.693640e-01 -4.408844e-01
2.345741e+03 2.468118e+01 1.473543e+00 8.597706e-01 9.677032e-01 -4.386836e-01
2.355034e+03 2.469277e+01 1.470461e+00 8.584063e-01 9.660315e-01 -4.364106e-01
2.364336e+03 2.470434e+01 1.467377e+00 8.570478e-01 9.643546e-01 -4.342125e-01
2.373648e+03 2.471588e+01 1.464290e+00 8.556945e-01 9.626786e-01 -4.319436e-01
2.382970e+03 2.472739e+01 1.461201e+00 8.543459e-01 9.610042e-01 -4.297193e-01
2.392302e+03 2.473888e+01 1.458106e+00 8.530014e-01 9.593261e-01 -4.275398e-01
2.401644e+03 2.475035e+01 1.455006e+00 8.516604e-01 9.576390e-01 -4.252853e-01
2.410996e+03 2.476180e+01 1.451901e+00 8.503218e-01 9.559414e-01 -4.230674e-01
2.420358e+03 2.477324e+01 1.448791e+00 8.489838e-01 9.542333e-01 -4.207995e-01
2.429730e+03 2.478466e+01 1.445680e+00 8.476450e-01 9.525157e-01 -4.185395e-01
2.439111e+03 2.479607e+01 1.442569e+00 8.463044e-01 9.507907e-01 -4.162995e-01
2.448503e+03 2.480746e+01 1.439459e+00 8.449613e-01 9.490621e-01 -4.141142e-01
2.457904e+03 2.481883e+01 1.436354e+00 8.436149e-01 9.473290e-01 -4.117948e-01
2.467315e+03 2.483017e+01 1.433254e+00 8.422645e-01 9.455889e-01 -4.096224e-01
2.476737e+03 2.484149e+01 1.430158e+00 8.409092e-01 9.438397e-01 -4.073290e-01
2.486167e+03 2.485278e+01 1.427070e+00 8.395484e-01 9.420803e-01 -4.050405e-01
2.495608e+03 2.486404e+01 1.423993e+00 8.381823e-01 9.403094e-01 -4.027764e-01
2.505059e+03 2.487526e+01 1.420929e+00 8.368113e-01 9.385256e-01 -4.005563e-01
2.514519e+03 2.488644e+01 1.417878e+00 8.354367e-01 9.367267e-01 -3.982546e-01
2.523990e+03 2.489760e+01 1.414841e+00 8.340595e-01 9.349118e-01 -3.959737e-01
2.533470e+03 2.490872e+01 1.411815e+00 8.326806e-01 9.330824e-01 -3.937701e-01
2.542960e+03 2.491981e+01 1.408799e+00 8.313002e-01 9.312387e-01 -3.915105e-01
2.552459e+03 2.493086e+01 1.405786e+00 8.299181e-01 9.293786e-01 -3.892276e-01
2.561969e+03 2.494188e+01 1.402770e+00 8.285343e-01 9.275023e-01 -3.869395e-01
2.571488e+03 2.495286e+01 1.399745e+00 8.271493e-01 9.256103e-01 -3.846679e-01
2.581017e+03 2.496381e+01 1.396710e+00 8.257637e-01 9.237020e-01 -3.823235e-01
2.590556e+03 2.497473e+01 1.393665e+00 8.243778e-01 9.217781e-01 -3.801285e-01
2.600105e+03 2.498563e+01 1.390612e+00 8.229909e-01 9.198382e-01 -3.777894e-01
2.609663e+03 2.499650e+01 1.387553e+00 8.216023e-01 9.178831e-01 -3.755450e-01
2.619232e+03 2.500734e+01 1.384489e+00 8.202119e-01 9.159138e-01 -3.731878e-01
2.628810e+03 2.501814e+01 1.381417e+00 8.188206e-01 9.139274e-01 -3.709628e-01
2.638398e+03 2.502892e+01 1.378336e+00 8.174293e-01 9.119186e-01 -3.686350e-01
2.647995e+03 2.503965e+01 1.375243e+00 8.160379e-01 9.098822e-01 -3.662886e-01
2.657602e+03 2.505035e+01 1.372140e+00 8.146455e-01 9.078181e-01 -3.640540e-01
2.667220e+03 2.506101e+01 1.369025e+00 8.132511e-01 9.057316e-01 -3.617835e-01
2.676847e+03 2.507163e+01 1.365897e+00 8.118543e-01 9.036322e-01 -3.594631e-01
2.686483e+03 2.508222e+01 1.362756e+00 8.104552e-01 9.015288e-01 -3.571386e-01
2.696130e+03 2.509276e+01 1.359600e+00 8.090546e-01 8.994276e-01 -3.548367e-01
2.705786e+03 2.510327e+01 1.356425e+00 8.076537e-01 8.973303e-01 -3.525364e-01
2.715452e+03 2.511374e+01 1.353228e+00 8.062537e-01 8.952355e-01 -3.501527e-01
2.725127e+03 2.512417e+01 1.350012e+00 8.048557e-01 8.931409e-01 -3.478626e-01
2.734813e+03 2.513456e+01 1.346781e+00 8.034609e-01 8.910460e-01 -3.455170e-01
2.744508e+03 2.514491e+01 1.343540e+00 8.020703e-01 8.889487e-01 -3.432493e-01
2.754213e+03 2.515522e+01 1.340291e+00 8.006845e-01 8.868457e-01 -3.408767e-01
2.763928e+03 2.516548e+01 1.337034e+00 7.993030e-01 8.847359e-01 -3.386454e-01
2.773652e+03 2.517571e+01 1.333774e+00 7.979248e-01 8.826203e-01 -3.362579e-01
2.783387e+03 2.518589e+01 1.330513e+00 7.965498e-01 8.804993e-01 -3.339095e-01
2.793130e+03 2.519604e+01 1.327258e+00 7.951782e-01 8.783718e-01 -3.316346e-01
2.802884e+03 2.520614e+01 1.324010e+00 7.938100e-01 8.762361e-01 -3.292306e-01
2.812648e+03 2.521619e+01 1.320773e+00 7.924442e-01 8.740956e-01 -3.269111e-01
2.822421e+03 2.522620e+01 1.317545e+00 7.910801e-01 8.719554e-01 -3.245661e-01
2.832204e+03 2.523615e+01 1.314325e+00 7.897180e-01 8.698180e-01 -3.222503e-01
2.841997e+03 2.524606e+01 1.311110e+00 7.883587e-01 8.676818e-01 -3.198850e-01
2.851799e+03 2.525592e+01 1.307897e+00 7.870035e-01 8.655416e-01 -3.175856e-01
2.861611e+03 2.526573e+01 1.304684e+00 7.856535e-01 8.633961e-01 -3.152481e-01
2.871433e+03 2.527549e+01 1.301472e+00 7.843093e-01 8.612478e-01 -3.128888e-01
2.881265e+03 2.528519e+01 1.298259e+00 7.829708e-01 8.590984e-01 -3.105089e-01
2.891107e+03 2.529483e+01 1.295046e+00 7.816380e-01 8.569469e-01 -3.081293e-01
2.900958e+03 2.530442e+01 1.291831e+00 7.803109e-01 8.547945e-01 -3.058258e-01
2.910819e+03 2.531394e+01 1.288615e+00 7.789900e-01 8.526416e-01 -3.034549e-01
2.920690e+03 2.532341e+01 1.285400e+00 7.776761e-01 8.504856e-01 -3.010469e-01
2.930571e+03 2.533282e+01 1.282185e+00 7.763704e-01 8.483253e-01 -2.987072e-01
2.940461e+03 2.534216e+01 1.278967e+00 7.750735e-01 8.461645e-01 -2.963028e-01
2.950361e+03 2.535145e+01 1.275742e+00 7.737864e-01 8.440068e-01 -2.940125e-01
2.960271e+03 2.536069e+01 1.272505e+00 7.725095e-01 8.418548e-01 -2.915787e-01
2.970190e+03 2.536986e+01 1.269251e+00 7.712431e-01 8.397113e-01 -2.892201e-01
2.980120e+03 2.537899e+01 1.265981e+00 7.699865e-01 8.375765e-01 -2.868867e-01
2.990059e+03 2.538805e+01 1.262698e+00 7.687383e-01 8.354487e-01 -2.844856e-01
3.000008e+03 2.539705e+01 1.259405e+00 7.674968e-01 8.333271e-01 -2.821125e-01
3.009967e+03 2.540599e+01 1.256107e+00 7.662615e-01 8.312121e-01 -2.797094e-01
3.019935e+03 2.541487e+01 1.252805e+00 7.650325e-01 8.291027e-01 -2.773038e-01
3.029913e+03 2.542370e+01 1.249502e+00 7.638109e-01 8.269979e-01 -2.749856e-01
3.039901e+03 2.543248e+01 1.246200e+00 7.625981e-01 8.249013e-01 -2.725239e-01
3.049899e+03 2.544120e+01 1.242899e+00 7.613950e-01 8.228177e-01 -2.701294e-01
3.059906e+03 2.544989e+01 1.239593e+00 7.602021e-01 8.207487e-01 -2.677833e-01
3.069924e+03 2.545853e+01 1.236284e+00 7.590189e-01 8.186958e-01 -2.653786e-01
3.079951e+03 2.546713e+01 1.232974e+00 7.578442e-01 8.166594e-01 -2.629650e-01
3.089988e+03 2.547569e+01 1.229667e+00 7.566760e-01 8.146390e-01 -2.605503e-01
3.100034e+03 2.548420e+01 1.226367e+00 7.555120e-01 8.126359e-01 -2.581420e-01
3.110090e+03 2.549266e+01 1.223079e+00 7.543503e-01 8.106533e-01 -2.557340e-01
3.120156e+03 2.550107e+01 1.219808e+00 7.531895e-01 8.086916e-01 -2.533621e-01
3.130232e+03 2.550943e+01 1.216556e+00 7.520296e-01 8.067481e-01 -2.509470e-01
3.140318e+03 2.551773e+01 1.213324e+00 7.508715e-01 8.048161e-01 -2.484808e-01
3.150413e+03 2.552597e+01 1.210109e+00 7.497171e-01 8.028909e-01 -2.461034e-01
3.160518e+03 2.553415e+01 1.206906e+00 7.485684e-01 8.009682e-01 -2.436576e-01
3.170633e+03 2.554227e+01 1.203711e+00 7.474265e-01 7.990434e-01 -2.412945e-01
3.180757e+03 2.555033e+01 1.200522e+00 7.462920e-01 7.971130e-01 -2.388371e-01
3.190891e+03 2.555833e+01 1.197341e+00 7.451649e-01 7.951787e-01 -2.364154e-01
3.201035e+03 2.556626e+01 1.194176e+00 7.440450e-01 7.932446e-01 -2.339505e-01
3.211189e+03 2.557413e+01 1.191034e+00 7.429319e-01 7.913141e-01 -2.316085e-01
3.221352e+03 2.558192e+01 1.187915e+00 7.418261e-01 7.893898e-01 -2.291350e-01
3.231525e+03 2.558963e+01 1.184821e+00 7.407284e-01 7.874767e-01 -2.266985e-01
3.241708e+03 2.559728e+01 1.181749e+00 7.396392e-01 7.855814e-01 -2.243049e-01
3.251900e+03 2.560485e+01 1.178702e+00 7.385589e-01 7.837093e-01 -2.217845e-01
3.262102e+03 2.561235e+01 1.175678e+00 7.374874e-01 7.818652e-01 -2.193452e-01
3.272314e+03 2.561977e+01 1.172677e+00 7.364246e-01 7.800505e-01 -2.169461e-01
3.282535e+03 2.562711e+01 1.169699e+00 7.353705e-01 7.782586e-01 -2.144659e-01
3.292766e+03 2.563437e+01 1.166745e+00 7.343256e-01 7.764794e-01 -2.120810e-01
3.303006e+03 2.564155e+01 1.163808e+00 7.332907e-01 7.747027e-01 -2.095834e-01
3.313256e+03 2.564865e+01 1.160884e+00 7.322660e-01 7.729206e-01 -2.071665e-01
3.323515e+03 2.565567e+01 1.157969e+00 7.312515e-01 7.711308e-01 -2.046930e-01
3.333784e+03 2.566262e+01 1.155065e+00 7.302471e-01 7.693362e-01 -2.021958e-01
3.344063e+03 2.566950e+01 1.152178e+00 7.292525e-01 7.675398e-01 -1.998010e-01
3.354351e+03 2.567630e+01 1.149309e+00 7.282669e-01 7.657443e-01 -1.973283e-01
3.364648e+03 2.568302e+01 1.146461e+00 7.272891e-01 7.639532e-01 -1.948462e-01
3.374955e+03 2.568966e+01 1.143637e+00 7.263181e-01 7.621720e-01 -1.923944e-01
3.385271e+03 2.569622e+01 1.140838e+00 7.253533e-01 7.604050e-01 -1.898797e-01
3.395596e+03 2.570271e+01 1.138062e+00 7.243945e-01 7.586521e-01 -1.873899e-01
3.405931e+03 2.570911e+01 1.135309e+00 7.234419e-01 7.569127e-01 -1.849997e-01
3.416275e+03 2.571543e+01 1.132574e+00 7.224957e-01 7.551896e-01 -1.825166e-01
3.426628e+03 2.572166e+01 1.129862e+00 7.215569e-01 7.534868e-01 -1.799925e-01
3.436991e+03 2.572782e+01 1.127177e+00 7.206266e-01 7.518043e-01 -1.775455e-01
3.447362e+03 2.573389e+01 1.124525e+00 7.197065e-01 7.501396e-01 -1.750038e-01
3.457743e+03 2.573986e+01 1.121914e+00 7.187980e-01 7.484917e-01 -1.725198e-01
3.468133e+03 2.574574e+01 1.119347e+00 7.179022e-01 7.468624e-01 -1.700664e-01
3.478531e+03 2.575153e+01 1.116824e+00 7.170199e-01 7.452504e-01 -1.675564e-01
3.488939e+03 2.575724e+01 1.114344e+00 7.161515e-01 7.436550e-01 -1.651117e-01
3.499355e+03 2.576286e+01 1.111904e+00 7.152971e-01 7.420763e-01 -1.625961e-01
3.509781e+03 2.576841e+01 1.109506e+00 7.144560e-01 7.405159e-01 -1.600660e-01
3.520215e+03 2.577388e+01 1.107150e+00 7.136280e-01 7.389751e-01 -1.576117e-01
3.530657e+03 2.577929e+01 1.104830e+00 7.128128e-01 7.374538e-01 -1.550754e-01
3.541109e+03 2.578462e+01 1.102545e+00 7.120109e-01 7.359516e-01 -1.525957e-01
3.551568e+03 2.578989e+01 1.100293e+00 7.112225e-01 7.344696e-01 -1.501164e-01
3.562037e+03 2.579510e+01 1.098076e+00 7.104472e-01 7.330119e-01 -1.475958e-01
3.572513e+03 2.580023e+01 1.095896e+00 7.096842e-01 7.315818e-01 -1.450639e-01
3.582998e+03 2.580530e+01 1.093750e+00 7.089327e-01 7.301796e-01 -1.426238e-01
3.593491e+03 2.581029e+01 1.091642e+00 7.081923e-01 7.288023e-01 -1.400932e-01
3.603992e+03 2.581521e+01 1.089577e+00 7.074635e-01 7.274488e-01 -1.375206e-01
3.614501e+03 2.582004e+01 1.087557e+00 7.067476e-01 7.261204e-01 -1.350648e-01
3.625018e+03 2.582478e+01 1.085578e+00 7.060455e-01 7.248150e-01 -1.325224e-01
3.635543e+03 2.582945e+01 1.083639e+00 7.053582e-01 7.235301e-01 -1.299796e-01
3.646075e+03 2.583403e+01 1.081735e+00 7.046855e-01 7.222670e-01 -1.274498e-01
3.656615e+03 2.583853e+01 1.079871e+00 7.040272e-01 7.210251e-01 -1.249619e-01
3.667163e+03 2.584295e+01 1.078051e+00 7.033824e-01 7.198024e-01 -1.224924e-01
3.677717e+03 2.584730e+01 1.076280e+00 7.027508e-01 7.185992e-01 -1.199739e-01
3.688279e+03 2.585157e+01 1.074562e+00 7.021320e-01 7.174203e-01 -1.173883e-01
3.698848e+03 2.585576e+01 1.072899e+00 7.015260e-01 7.162734e-01 -1.148643e-01
3.709423e+03 2.585988e+01 1.071291e+00 7.009324e-01 7.151626e-01 -1.122941e-01
3.720006e+03 2.586393e+01 1.069737e+00 7.003505e-01 7.140884e-01 -1.097833e-01
3.730595e+03 2.586791e+01 1.068229e+00 6.997797e-01 7.130493e-01 -1.072578e-01
3.741190e+03 2.587182e+01 1.066762e+00 6.992200e-01 7.120421e-01 -1.047362e-01
3.751792e+03 2.587566e+01 1.065331e+00 6.986721e-01 7.110629e-01 -1.022256e-01
3.762399e+03 2.587944e+01 1.063930e+00 6.981376e-01 7.101076e-01 -9.961701e-02
3.773013e+03 2.588315e+01 1.062553e+00 6.976177e-01 7.091708e-01 -9.711935e-02
3.783632e+03 2.588680e+01 1.061201e+00 6.971129e-01 7.082515e-01 -9.462913e-02
3.794257e+03 2.589038e+01 1.059875e+00 6.966224e-01 7.073558e-01 -9.201998e-02
3.804888e+03 2.589388e+01 1.058577e+00 6.961452e-01 7.064906e-01 -8.949380e-02
3.815523e+03 2.589730e+01 1.057312e+00 6.956810e-01 7.056580e-01 -8.699478e-02
3.826164e+03 2.590063e+01 1.056079e+00 6.952305e-01 7.048547e-01 -8.436539e-02
3.836810e+03 2.590387e+01 1.054874e+00 6.947944e-01 7.040742e-01 -8.187392e-02
3.847460e+03 2.590700e+01 1.053700e+00 6.943730e-01 7.033103e-01 -7.933541e-02
3.858114e+03 2.591004e+01 1.052560e+00 6.939653e-01 7.025572e-01 -7.679736e-02
3.868773e+03 2.591299e+01 1.051455e+00 6.935702e-01 7.018118e-01 -7.422702e-02
3.879436e+03 2.591586e+01 1.050386e+00 6.931868e-01 7.010748e-01 -7.168366e-02
3.890103e+03 2.591863e+01 1.049354e+00 6.928146e-01 7.003461e-01 -6.908877e-02
3.900773e+03 2.592132e+01 1.048363e+00 6.924540e-01 6.996258e-01 -6.659395e-02
3.911447e+03 2.592392e+01 1.047412e+00 6.921061e-01 6.989182e-01 -6.401880e-02
3.922124e+03 2.592643e+01 1.046502e+00 6.917719e-01 6.982308e-01 -6.146315e-02
3.932804e+03 2.592885e+01 1.045630e+00 6.914515e-01 6.975704e-01 -5.884760e-02
3.943487e+03 2.593117e+01 1.044796e+00 6.911440e-01 6.969410e-01 -5.633476e-02
3.954173e+03 2.593340e+01 1.044000e+00 6.908480e-01 6.963452e-01 -5.374657e-02
3.964861e+03 2.593554e+01 1.043240e+00 6.905620e-01 6.957833e-01 -5.120420e-02
3.975551e+03 2.593757e+01 1.042515e+00 6.902851e-01 6.952531e-01 -4.862805e-02
3.986243e+03 2.593951e+01 1.041826e+00 6.900167e-01 6.947496e-01 -4.613633e-02
3.996937e+03 2.594135e+01 1.041172e+00 6.897567e-01 6.942695e-01 -4.349076e-02
4.007633e+03 2.594309e+01 1.040554e+00 6.895051e-01 6.938105e-01 -4.094425e-02
4.018331e+03 2.594473e+01 1.039972e+00 6.892629e-01 6.933710e-01 -3.846418e-02
4.029029e+03 2.594626e+01 1.039426e+00 6.890316e-01 6.929485e-01 -3.586243e-02
4.039729e+03 2.594768e+01 1.038918e+00 6.888126e-01 6.925439e-01 -3.331601e-02
4.050430e+03 2.594900e+01 1.038449e+00 6.886067e-01 6.921590e-01 -3.072483e-02
4.061132e+03 2.595021e+01 1.038019e+00 6.884153e-01 6.917954e-01 -2.820388e-02
4.071835e+03 2.595130e+01 1.037629e+00 6.882395e-01 6.914556e-01 -2.560780e-02
4.082538e+03 2.595228e+01 1.037278e+00 6.880812e-01 6.911439e-01 -2.304421e-02
4.093242e+03 2.595315e+01 1.036965e+00 6.879415e-01 6.908612e-01 -2.048314e-02
4.103946e+03 2.595392e+01 1.036686e+00 6.878211e-01 6.906047e-01 -1.793680e-02
4.114650e+03 2.595460e+01 1.036441e+00 6.877192e-01 6.903744e-01 -1.541653e-02
4.125355e+03 2.595517e+01 1.036234e+00 6.876345e-01 6.901776e-01 -1.280707e-02
4.136060e+03 2.595564e+01 1.036069e+00 6.875657e-01 6.900214e-01 -1.025602e-02
4.146765e+03 2.595601e+01 1.035949e+00 6.875124e-01 6.899062e-01 -7.724307e-03
4.157470e+03 2.595627e+01 1.035869e+00 6.874746e-01 6.898286e-01 -5.127425e-03
4.168175e+03 2.595643e+01 1.035825e+00 6.874523e-01 6.897842e-01 -2.566619e-03
4.178880e+03 2.595648e+01 1.035810e+00 6.874450e-01 6.897699e-01 5.114034e-06
