y+ u_mean uu+ ww+ y+ vv+ -uv+
0.153945e+00 0.153892e+00 0.410213e-02 0.172765e-02 0.307891e+00 0.127630e-05 0.311086e-04
0.465827e+00 0.465562e+00 0.372747e-01 0.143198e-01 0.623764e+00 0.187046e-04 0.261800e-03
0.786334e+00 0.785677e+00 0.105683e+00 0.376867e-01 0.948904e+00 0.897584e-04 0.934969e-03
0.111676e+01 0.111537e+01 0.212148e+00 0.703570e-01 0.128462e+01 0.271770e-03 0.234588e-02
0.145842e+01 0.145568e+01 0.359849e+00 0.111056e+00 0.163222e+01 0.639221e-03 0.484219e-02
0.181264e+01 0.180749e+01 0.552004e+00 0.158653e+00 0.199305e+01 0.128175e-02 0.881828e-02
0.218076e+01 0.217151e+01 0.791484e+00 0.212121e+00 0.236846e+01 0.230254e-02 0.147029e-01
0.256414e+01 0.254822e+01 0.108035e+01 0.270525e+00 0.275981e+01 0.381682e-02 0.229404e-01
0.296413e+01 0.293780e+01 0.141935e+01 0.333007e+00 0.316846e+01 0.595043e-02 0.339654e-01
0.338212e+01 0.334013e+01 0.180750e+01 0.398786e+00 0.359579e+01 0.883814e-02 0.481733e-01
0.381947e+01 0.375468e+01 0.224168e+01 0.467162e+00 0.404316e+01 0.126219e-01 0.658886e-01
0.427757e+01 0.418056e+01 0.271644e+01 0.537520e+00 0.451197e+01 0.174490e-01 0.873341e-01
0.475778e+01 0.461647e+01 0.322405e+01 0.609334e+00 0.500358e+01 0.234696e-01 0.112605e+00
0.526148e+01 0.506071e+01 0.375469e+01 0.682166e+00 0.551938e+01 0.308348e-01 0.141650e+00
0.579005e+01 0.551124e+01 0.429697e+01 0.755658e+00 0.606072e+01 0.396941e-01 0.174266e+00
0.634484e+01 0.596569e+01 0.483857e+01 0.829523e+00 0.662896e+01 0.501922e-01 0.210098e+00
0.692721e+01 0.642151e+01 0.536695e+01 0.903527e+00 0.722546e+01 0.624668e-01 0.248660e+00
0.753851e+01 0.687601e+01 0.587019e+01 0.977464e+00 0.785156e+01 0.766449e-01 0.289357e+00
0.818007e+01 0.732645e+01 0.633762e+01 0.105114e+01 0.850859e+01 0.928387e-01 0.331525e+00
0.885321e+01 0.777019e+01 0.676038e+01 0.112435e+01 0.919784e+01 0.111142e+00 0.374463e+00
0.955923e+01 0.820477e+01 0.713176e+01 0.119686e+01 0.992063e+01 0.131626e+00 0.417478e+00
0.102994e+02 0.862795e+01 0.744738e+01 0.126839e+01 0.106782e+02 0.154332e+00 0.459920e+00
0.110750e+02 0.903784e+01 0.770508e+01 0.133865e+01 0.114719e+02 0.179272e+00 0.501208e+00
0.118874e+02 0.943288e+01 0.790479e+01 0.140728e+01 0.123028e+02 0.206419e+00 0.540853e+00
0.127376e+02 0.981188e+01 0.804815e+01 0.147393e+01 0.131723e+02 0.235710e+00 0.578469e+00
0.136269e+02 0.101740e+02 0.813822e+01 0.153822e+01 0.140815e+02 0.267040e+00 0.613776e+00
0.145565e+02 0.105189e+02 0.817909e+01 0.159981e+01 0.150315e+02 0.300265e+00 0.646593e+00
0.155276e+02 0.108463e+02 0.817555e+01 0.165836e+01 0.160236e+02 0.335203e+00 0.676830e+00
0.165412e+02 0.111563e+02 0.813277e+01 0.171358e+01 0.170588e+02 0.371640e+00 0.704473e+00
0.175985e+02 0.114493e+02 0.805607e+01 0.176525e+01 0.181382e+02 0.409333e+00 0.729568e+00
0.187005e+02 0.117258e+02 0.795074e+01 0.181320e+01 0.192629e+02 0.448015e+00 0.752208e+00
0.198484e+02 0.119864e+02 0.782186e+01 0.185733e+01 0.204339e+02 0.487408e+00 0.772520e+00
0.210430e+02 0.122319e+02 0.767421e+01 0.189759e+01 0.216522e+02 0.527225e+00 0.790649e+00
0.222855e+02 0.124632e+02 0.751222e+01 0.193401e+01 0.229187e+02 0.567176e+00 0.806752e+00
0.235766e+02 0.126811e+02 0.733988e+01 0.196666e+01 0.242345e+02 0.606982e+00 0.820992e+00
0.249175e+02 0.128864e+02 0.716075e+01 0.199564e+01 0.256004e+02 0.646371e+00 0.833528e+00
0.263089e+02 0.130801e+02 0.697795e+01 0.202110e+01 0.270173e+02 0.685094e+00 0.844516e+00
0.277517e+02 0.132630e+02 0.679417e+01 0.204319e+01 0.284861e+02 0.722917e+00 0.854099e+00
0.292467e+02 0.134359e+02 0.661168e+01 0.206210e+01 0.300074e+02 0.759635e+00 0.862416e+00
0.307948e+02 0.135997e+02 0.643234e+01 0.207800e+01 0.315822e+02 0.795066e+00 0.869591e+00
0.323967e+02 0.137552e+02 0.625768e+01 0.209108e+01 0.332112e+02 0.829055e+00 0.875740e+00
0.340531e+02 0.139030e+02 0.608885e+01 0.210149e+01 0.348950e+02 0.861478e+00 0.880970e+00
0.357647e+02 0.140438e+02 0.592677e+01 0.210941e+01 0.366344e+02 0.892235e+00 0.885377e+00
0.375322e+02 0.141784e+02 0.577206e+01 0.211501e+01 0.384300e+02 0.921254e+00 0.889045e+00
0.393562e+02 0.143073e+02 0.562512e+01 0.211843e+01 0.402823e+02 0.948488e+00 0.892052e+00
0.412372e+02 0.144310e+02 0.548614e+01 0.211984e+01 0.421920e+02 0.973911e+00 0.894469e+00
0.431758e+02 0.145502e+02 0.535519e+01 0.211935e+01 0.441596e+02 0.997516e+00 0.896359e+00
0.451726e+02 0.146652e+02 0.523220e+01 0.211710e+01 0.461856e+02 0.101931e+01 0.897782e+00
0.472280e+02 0.147764e+02 0.511701e+01 0.211319e+01 0.482704e+02 0.103933e+01 0.898788e+00
0.493425e+02 0.148844e+02 0.500939e+01 0.210774e+01 0.504145e+02 0.105762e+01 0.899423e+00
0.515164e+02 0.149894e+02 0.490906e+01 0.210086e+01 0.526183e+02 0.107421e+01 0.899727e+00
0.537502e+02 0.150917e+02 0.481573e+01 0.209268e+01 0.548821e+02 0.108918e+01 0.899733e+00
0.560442e+02 0.151916e+02 0.472904e+01 0.208332e+01 0.572062e+02 0.110261e+01 0.899471e+00
0.583986e+02 0.152893e+02 0.464864e+01 0.207294e+01 0.595910e+02 0.111457e+01 0.898965e+00
0.608139e+02 0.153851e+02 0.457413e+01 0.206163e+01 0.620367e+02 0.112514e+01 0.898238e+00
0.632901e+02 0.154791e+02 0.450507e+01 0.204952e+01 0.645435e+02 0.113441e+01 0.897309e+00
0.658276e+02 0.155715e+02 0.444105e+01 0.203669e+01 0.671117e+02 0.114249e+01 0.896198e+00
0.684264e+02 0.156625e+02 0.438166e+01 0.202324e+01 0.697412e+02 0.114945e+01 0.894919e+00
0.710868e+02 0.157521e+02 0.432652e+01 0.200926e+01 0.724324e+02 0.115539e+01 0.893486e+00
0.738088e+02 0.158405e+02 0.427524e+01 0.199484e+01 0.751852e+02 0.116039e+01 0.891908e+00
0.765924e+02 0.159277e+02 0.422745e+01 0.198003e+01 0.779997e+02 0.116455e+01 0.890193e+00
0.794378e+02 0.160139e+02 0.418281e+01 0.196489e+01 0.808760e+02 0.116793e+01 0.888347e+00
0.823449e+02 0.160991e+02 0.414100e+01 0.194949e+01 0.838139e+02 0.117060e+01 0.886378e+00
0.853138e+02 0.161834e+02 0.410174e+01 0.193390e+01 0.868136e+02 0.117263e+01 0.884293e+00
0.883442e+02 0.162668e+02 0.406476e+01 0.191818e+01 0.898749e+02 0.117408e+01 0.882098e+00
0.914362e+02 0.163494e+02 0.402979e+01 0.190240e+01 0.929976e+02 0.117500e+01 0.879800e+00
0.945897e+02 0.164313e+02 0.399660e+01 0.188664e+01 0.961818e+02 0.117544e+01 0.877404e+00
0.978044e+02 0.165123e+02 0.396498e+01 0.187093e+01 0.994271e+02 0.117545e+01 0.874914e+00
0.101080e+03 0.165927e+02 0.393471e+01 0.185530e+01 0.102733e+03 0.117508e+01 0.872332e+00
0.104417e+03 0.166723e+02 0.390562e+01 0.183977e+01 0.106101e+03 0.117435e+01 0.869660e+00
0.107814e+03 0.167512e+02 0.387756e+01 0.182440e+01 0.109528e+03 0.117331e+01 0.866901e+00
0.111272e+03 0.168294e+02 0.385040e+01 0.180923e+01 0.113016e+03 0.117199e+01 0.864055e+00
0.114790e+03 0.169069e+02 0.382405e+01 0.179427e+01 0.116564e+03 0.117040e+01 0.861125e+00
0.118368e+03 0.169838e+02 0.379843e+01 0.177957e+01 0.120172e+03 0.116856e+01 0.858114e+00
0.122005e+03 0.170600e+02 0.377346e+01 0.176514e+01 0.123839e+03 0.116649e+01 0.855023e+00
0.125702e+03 0.171356e+02 0.374906e+01 0.175101e+01 0.127564e+03 0.116421e+01 0.851852e+00
0.129457e+03 0.172105e+02 0.372511e+01 0.173716e+01 0.131349e+03 0.116174e+01 0.848603e+00
0.133270e+03 0.172849e+02 0.370153e+01 0.172357e+01 0.135191e+03 0.115909e+01 0.845279e+00
0.137141e+03 0.173586e+02 0.367827e+01 0.171023e+01 0.139091e+03 0.115627e+01 0.841881e+00
0.141070e+03 0.174317e+02 0.365523e+01 0.169707e+01 0.143048e+03 0.115331e+01 0.838414e+00
0.145055e+03 0.175043e+02 0.363236e+01 0.168407e+01 0.147062e+03 0.115020e+01 0.834879e+00
0.149097e+03 0.175762e+02 0.360956e+01 0.167118e+01 0.151132e+03 0.114697e+01 0.831273e+00
0.153195e+03 0.176475e+02 0.358680e+01 0.165841e+01 0.155258e+03 0.114362e+01 0.827599e+00
0.157349e+03 0.177182e+02 0.356407e+01 0.164578e+01 0.159439e+03 0.114017e+01 0.823860e+00
0.161557e+03 0.177883e+02 0.354140e+01 0.163327e+01 0.163675e+03 0.113662e+01 0.820056e+00
0.165819e+03 0.178577e+02 0.351883e+01 0.162088e+01 0.167964e+03 0.113297e+01 0.816185e+00
0.170136e+03 0.179266e+02 0.349633e+01 0.160861e+01 0.172307e+03 0.112922e+01 0.812251e+00
0.174505e+03 0.179949e+02 0.347387e+01 0.159646e+01 0.176703e+03 0.112537e+01 0.808254e+00
0.178927e+03 0.180625e+02 0.345140e+01 0.158447e+01 0.181150e+03 0.112142e+01 0.804195e+00
0.183400e+03 0.181296e+02 0.342885e+01 0.157264e+01 0.185650e+03 0.111739e+01 0.800076e+00
0.187925e+03 0.181961e+02 0.340619e+01 0.156096e+01 0.190200e+03 0.111329e+01 0.795899e+00
0.192500e+03 0.182619e+02 0.338339e+01 0.154942e+01 0.194800e+03 0.110912e+01 0.791665e+00
0.197125e+03 0.183272e+02 0.336044e+01 0.153798e+01 0.199450e+03 0.110489e+01 0.787372e+00
0.201800e+03 0.183919e+02 0.333740e+01 0.152665e+01 0.204149e+03 0.110061e+01 0.783021e+00
0.206523e+03 0.184560e+02 0.331432e+01 0.151542e+01 0.208896e+03 0.109628e+01 0.778613e+00
0.211294e+03 0.185195e+02 0.329127e+01 0.150431e+01 0.213691e+03 0.109188e+01 0.774151e+00
0.216111e+03 0.185825e+02 0.326827e+01 0.149336e+01 0.218532e+03 0.108741e+01 0.769636e+00
0.220976e+03 0.186449e+02 0.324531e+01 0.148257e+01 0.223419e+03 0.108286e+01 0.765068e+00
0.225886e+03 0.187067e+02 0.322238e+01 0.147190e+01 0.228352e+03 0.107824e+01 0.760446e+00
0.230841e+03 0.187680e+02 0.319941e+01 0.146134e+01 0.233329e+03 0.107353e+01 0.755771e+00
0.235840e+03 0.188288e+02 0.317636e+01 0.145089e+01 0.238350e+03 0.106875e+01 0.751046e+00
0.240883e+03 0.188891e+02 0.315321e+01 0.144052e+01 0.243415e+03 0.106388e+01 0.746274e+00
0.245968e+03 0.189489e+02 0.312998e+01 0.143016e+01 0.248521e+03 0.105892e+01 0.741457e+00
0.251095e+03 0.190081e+02 0.310668e+01 0.141978e+01 0.253670e+03 0.105388e+01 0.736595e+00
0.256264e+03 0.190669e+02 0.308331e+01 0.140938e+01 0.258859e+03 0.104873e+01 0.731686e+00
0.261473e+03 0.191252e+02 0.305992e+01 0.139896e+01 0.264088e+03 0.104349e+01 0.726735e+00
0.266722e+03 0.191830e+02 0.303650e+01 0.138853e+01 0.269357e+03 0.103816e+01 0.721742e+00
0.272010e+03 0.192404e+02 0.301307e+01 0.137807e+01 0.274664e+03 0.103273e+01 0.716709e+00
0.277337e+03 0.192972e+02 0.298959e+01 0.136756e+01 0.280009e+03 0.102722e+01 0.711635e+00
0.282700e+03 0.193536e+02 0.296604e+01 0.135698e+01 0.285392e+03 0.102165e+01 0.706519e+00
0.288101e+03 0.194095e+02 0.294235e+01 0.134639e+01 0.290810e+03 0.101601e+01 0.701363e+00
0.293538e+03 0.194649e+02 0.291852e+01 0.133582e+01 0.296265e+03 0.101029e+01 0.696166e+00
0.299010e+03 0.195199e+02 0.289460e+01 0.132525e+01 0.301754e+03 0.100451e+01 0.690931e+00
0.304516e+03 0.195745e+02 0.287060e+01 0.131465e+01 0.307278e+03 0.998676e+00 0.685661e+00
0.310056e+03 0.196286e+02 0.284655e+01 0.130400e+01 0.312835e+03 0.992783e+00 0.680356e+00
0.315630e+03 0.196823e+02 0.282245e+01 0.129327e+01 0.318424e+03 0.986843e+00 0.675021e+00
0.321235e+03 0.197356e+02 0.279830e+01 0.128246e+01 0.324046e+03 0.980866e+00 0.669656e+00
0.326873e+03 0.197884e+02 0.277409e+01 0.127157e+01 0.329699e+03 0.974860e+00 0.664258e+00
0.332541e+03 0.198407e+02 0.274983e+01 0.126064e+01 0.335382e+03 0.968831e+00 0.658826e+00
0.338239e+03 0.198926e+02 0.272552e+01 0.124968e+01 0.341096e+03 0.962781e+00 0.653358e+00
0.343967e+03 0.199440e+02 0.270112e+01 0.123874e+01 0.346838e+03 0.956707e+00 0.647856e+00
0.349724e+03 0.199950e+02 0.267663e+01 0.122786e+01 0.352609e+03 0.950600e+00 0.642324e+00
0.355508e+03 0.200456e+02 0.265205e+01 0.121705e+01 0.358408e+03 0.944447e+00 0.636760e+00
0.361320e+03 0.200957e+02 0.262742e+01 0.120631e+01 0.364233e+03 0.938241e+00 0.631165e+00
0.367159e+03 0.201454e+02 0.260276e+01 0.119563e+01 0.370085e+03 0.931980e+00 0.625535e+00
0.373024e+03 0.201948e+02 0.257810e+01 0.118500e+01 0.375963e+03 0.925666e+00 0.619876e+00
0.378915e+03 0.202437e+02 0.255345e+01 0.117442e+01 0.381866e+03 0.919300e+00 0.614188e+00
0.384830e+03 0.202923e+02 0.252880e+01 0.116384e+01 0.387793e+03 0.912886e+00 0.608473e+00
0.390769e+03 0.203405e+02 0.250414e+01 0.115319e+01 0.393744e+03 0.906426e+00 0.602733e+00
0.396731e+03 0.203883e+02 0.247947e+01 0.114249e+01 0.399718e+03 0.899920e+00 0.596970e+00
0.402717e+03 0.204358e+02 0.245483e+01 0.113179e+01 0.405715e+03 0.893373e+00 0.591185e+00
0.408725e+03 0.204829e+02 0.243026e+01 0.112113e+01 0.411734e+03 0.886787e+00 0.585379e+00
0.414754e+03 0.205295e+02 0.240576e+01 0.111052e+01 0.417774e+03 0.880166e+00 0.579552e+00
0.420804e+03 0.205758e+02 0.238129e+01 0.109990e+01 0.423835e+03 0.873518e+00 0.573705e+00
0.426875e+03 0.206217e+02 0.235685e+01 0.108926e+01 0.429916e+03 0.866854e+00 0.567838e+00
0.432966e+03 0.206671e+02 0.233253e+01 0.107860e+01 0.436016e+03 0.860181e+00 0.561950e+00
0.439076e+03 0.207121e+02 0.230835e+01 0.106795e+01 0.442136e+03 0.853507e+00 0.556041e+00
0.445205e+03 0.207568e+02 0.228429e+01 0.105731e+01 0.448274e+03 0.846844e+00 0.550111e+00
0.451352e+03 0.208010e+02 0.226030e+01 0.104669e+01 0.454430e+03 0.840201e+00 0.544160e+00
0.457517e+03 0.208449e+02 0.223634e+01 0.103609e+01 0.460604e+03 0.833572e+00 0.538191e+00
0.463699e+03 0.208884e+02 0.221240e+01 0.102556e+01 0.466795e+03 0.826948e+00 0.532204e+00
0.469898e+03 0.209316e+02 0.218851e+01 0.101509e+01 0.473002e+03 0.820319e+00 0.526201e+00
0.476113e+03 0.209744e+02 0.216471e+01 0.100466e+01 0.479225e+03 0.813687e+00 0.520184e+00
0.482344e+03 0.210168e+02 0.214103e+01 0.994254e+00 0.485464e+03 0.807058e+00 0.514151e+00
0.488590e+03 0.210588e+02 0.211744e+01 0.983847e+00 0.491717e+03 0.800432e+00 0.508102e+00
0.494852e+03 0.211005e+02 0.209395e+01 0.973422e+00 0.497986e+03 0.793804e+00 0.502037e+00
0.501127e+03 0.211418e+02 0.207054e+01 0.962948e+00 0.504269e+03 0.787169e+00 0.495954e+00
0.507417e+03 0.211828e+02 0.204716e+01 0.952408e+00 0.510565e+03 0.780530e+00 0.489853e+00
0.513720e+03 0.212234e+02 0.202377e+01 0.941813e+00 0.516875e+03 0.773889e+00 0.483736e+00
0.520037e+03 0.212637e+02 0.200036e+01 0.931227e+00 0.523198e+03 0.767253e+00 0.477607e+00
0.526366e+03 0.213037e+02 0.197700e+01 0.920707e+00 0.529534e+03 0.760633e+00 0.471466e+00
0.532708e+03 0.213434e+02 0.195375e+01 0.910278e+00 0.535882e+03 0.754041e+00 0.465316e+00
0.539062e+03 0.213827e+02 0.193065e+01 0.899907e+00 0.542242e+03 0.747487e+00 0.459156e+00
0.545427e+03 0.214216e+02 0.190771e+01 0.889538e+00 0.548613e+03 0.740977e+00 0.452986e+00
0.551805e+03 0.214602e+02 0.188494e+01 0.879150e+00 0.554996e+03 0.734512e+00 0.446805e+00
0.558193e+03 0.214984e+02 0.186236e+01 0.868768e+00 0.561390e+03 0.728095e+00 0.440612e+00
0.564592e+03 0.215362e+02 0.183997e+01 0.858417e+00 0.567795e+03 0.721728e+00 0.434408e+00
0.571002e+03 0.215736e+02 0.181776e+01 0.848110e+00 0.574210e+03 0.715411e+00 0.428192e+00
0.577422e+03 0.216107e+02 0.179573e+01 0.837851e+00 0.580635e+03 0.709145e+00 0.421965e+00
0.583853e+03 0.216474e+02 0.177386e+01 0.827633e+00 0.587070e+03 0.702931e+00 0.415727e+00
0.590293e+03 0.216838e+02 0.175215e+01 0.817437e+00 0.593515e+03 0.696768e+00 0.409480e+00
0.596742e+03 0.217198e+02 0.173057e+01 0.807264e+00 0.599970e+03 0.690655e+00 0.403224e+00
0.603201e+03 0.217556e+02 0.170907e+01 0.797154e+00 0.606433e+03 0.684583e+00 0.396959e+00
0.609670e+03 0.217909e+02 0.168765e+01 0.787171e+00 0.612906e+03 0.678544e+00 0.390686e+00
0.616147e+03 0.218260e+02 0.166630e+01 0.777350e+00 0.619388e+03 0.672523e+00 0.384405e+00
0.622633e+03 0.218608e+02 0.164506e+01 0.767691e+00 0.625878e+03 0.666507e+00 0.378119e+00
0.629128e+03 0.218952e+02 0.162393e+01 0.758171e+00 0.632377e+03 0.660491e+00 0.371827e+00
0.635631e+03 0.219293e+02 0.160293e+01 0.748739e+00 0.638885e+03 0.654482e+00 0.365528e+00
0.642143e+03 0.219630e+02 0.158200e+01 0.739333e+00 0.645401e+03 0.648497e+00 0.359221e+00
0.648663e+03 0.219964e+02 0.156114e+01 0.729921e+00 0.651925e+03 0.642554e+00 0.352907e+00
0.655191e+03 0.220294e+02 0.154035e+01 0.720502e+00 0.658457e+03 0.636670e+00 0.346588e+00
0.661727e+03 0.220621e+02 0.151966e+01 0.711083e+00 0.664998e+03 0.630855e+00 0.340263e+00
0.668272e+03 0.220944e+02 0.149907e+01 0.701689e+00 0.671546e+03 0.625115e+00 0.333934e+00
0.674824e+03 0.221263e+02 0.147855e+01 0.692362e+00 0.678102e+03 0.619459e+00 0.327601e+00
0.681385e+03 0.221578e+02 0.145809e+01 0.683142e+00 0.684667e+03 0.613899e+00 0.321262e+00
0.687953e+03 0.221890e+02 0.143768e+01 0.674061e+00 0.691239e+03 0.608448e+00 0.314919e+00
0.694529e+03 0.222197e+02 0.141734e+01 0.665138e+00 0.697819e+03 0.603108e+00 0.308572e+00
0.701113e+03 0.222500e+02 0.139706e+01 0.656380e+00 0.704407e+03 0.597881e+00 0.302219e+00
0.707705e+03 0.222799e+02 0.137684e+01 0.647771e+00 0.711003e+03 0.592761e+00 0.295861e+00
0.714306e+03 0.223094e+02 0.135666e+01 0.639291e+00 0.717608e+03 0.587739e+00 0.289498e+00
0.720914e+03 0.223384e+02 0.133648e+01 0.630925e+00 0.724220e+03 0.582811e+00 0.283129e+00
0.727530e+03 0.223670e+02 0.131632e+01 0.622664e+00 0.730840e+03 0.577973e+00 0.276755e+00
0.734155e+03 0.223953e+02 0.129620e+01 0.614495e+00 0.737469e+03 0.573225e+00 0.270375e+00
0.740787e+03 0.224230e+02 0.127613e+01 0.606406e+00 0.744106e+03 0.568569e+00 0.263988e+00
0.747429e+03 0.224504e+02 0.125610e+01 0.598401e+00 0.750751e+03 0.564010e+00 0.257595e+00
0.754079e+03 0.224773e+02 0.123609e+01 0.590487e+00 0.757406e+03 0.559547e+00 0.251195e+00
0.760737e+03 0.225038e+02 0.121612e+01 0.582673e+00 0.764069e+03 0.555177e+00 0.244788e+00
0.767404e+03 0.225298e+02 0.119622e+01 0.574989e+00 0.770740e+03 0.550896e+00 0.238374e+00
0.774081e+03 0.225553e+02 0.117645e+01 0.567464e+00 0.777421e+03 0.546706e+00 0.231953e+00
0.780767e+03 0.225804e+02 0.115685e+01 0.560119e+00 0.784112e+03 0.542611e+00 0.225526e+00
0.787462e+03 0.226050e+02 0.113743e+01 0.552954e+00 0.790812e+03 0.538620e+00 0.219091e+00
0.794167e+03 0.226291e+02 0.111819e+01 0.545960e+00 0.797521e+03 0.534740e+00 0.212649e+00
0.800881e+03 0.226527e+02 0.109912e+01 0.539129e+00 0.804241e+03 0.530978e+00 0.206197e+00
0.807606e+03 0.226758e+02 0.108023e+01 0.532443e+00 0.810972e+03 0.527335e+00 0.199736e+00
0.814342e+03 0.226983e+02 0.106155e+01 0.525899e+00 0.817712e+03 0.523804e+00 0.193267e+00
0.821088e+03 0.227203e+02 0.104313e+01 0.519510e+00 0.824464e+03 0.520378e+00 0.186790e+00
0.827846e+03 0.227416e+02 0.102505e+01 0.513284e+00 0.831227e+03 0.517056e+00 0.180304e+00
0.834615e+03 0.227625e+02 0.100732e+01 0.507230e+00 0.838002e+03 0.513840e+00 0.173809e+00
0.841396e+03 0.227827e+02 0.989923e+00 0.501340e+00 0.844789e+03 0.510735e+00 0.167305e+00
0.848189e+03 0.228022e+02 0.972864e+00 0.495599e+00 0.851589e+03 0.507742e+00 0.160790e+00
0.854995e+03 0.228212e+02 0.956137e+00 0.490009e+00 0.858401e+03 0.504860e+00 0.154264e+00
0.861814e+03 0.228395e+02 0.939739e+00 0.484582e+00 0.865226e+03 0.502083e+00 0.147727e+00
0.868646e+03 0.228572e+02 0.923697e+00 0.479340e+00 0.872066e+03 0.499405e+00 0.141180e+00
0.875493e+03 0.228742e+02 0.908077e+00 0.474299e+00 0.878919e+03 0.496825e+00 0.134622e+00
0.882354e+03 0.228905e+02 0.892954e+00 0.469466e+00 0.885788e+03 0.494342e+00 0.128052e+00
0.889230e+03 0.229062e+02 0.878374e+00 0.464834e+00 0.892672e+03 0.491964e+00 0.121468e+00
0.896121e+03 0.229212e+02 0.864351e+00 0.460387e+00 0.899571e+03 0.489700e+00 0.114870e+00
0.903029e+03 0.229354e+02 0.850896e+00 0.456112e+00 0.906487e+03 0.487555e+00 0.108256e+00
0.909954e+03 0.229490e+02 0.838029e+00 0.452002e+00 0.913421e+03 0.485533e+00 0.101628e+00
0.916896e+03 0.229619e+02 0.825787e+00 0.448046e+00 0.920372e+03 0.483636e+00 0.949854e-01
0.923857e+03 0.229741e+02 0.814206e+00 0.444242e+00 0.927341e+03 0.481865e+00 0.883293e-01
0.930836e+03 0.229855e+02 0.803302e+00 0.440602e+00 0.934330e+03 0.480219e+00 0.816589e-01
0.937834e+03 0.229961e+02 0.793092e+00 0.437140e+00 0.941339e+03 0.478697e+00 0.749722e-01
0.944853e+03 0.230059e+02 0.783593e+00 0.433879e+00 0.948368e+03 0.477300e+00 0.682669e-01
0.951893e+03 0.230149e+02 0.774832e+00 0.430839e+00 0.955419e+03 0.476028e+00 0.615420e-01
0.958955e+03 0.230230e+02 0.766839e+00 0.428024e+00 0.962492e+03 0.474885e+00 0.547969e-01
0.966040e+03 0.230303e+02 0.759652e+00 0.425430e+00 0.969588e+03 0.473873e+00 0.480306e-01
0.973149e+03 0.230367e+02 0.753305e+00 0.423074e+00 0.976709e+03 0.472994e+00 0.412418e-01
0.980282e+03 0.230423e+02 0.747824e+00 0.420973e+00 0.983855e+03 0.472245e+00 0.344303e-01
0.987441e+03 0.230470e+02 0.743229e+00 0.419153e+00 0.991027e+03 0.471630e+00 0.275953e-01
0.994627e+03 0.230508e+02 0.739541e+00 0.417657e+00 0.998226e+03 0.471146e+00 0.207353e-01
0.100184e+04 0.230537e+02 0.736776e+00 0.416522e+00 0.100545e+04 0.470796e+00 0.138485e-01
0.100908e+04 0.230557e+02 0.734933e+00 0.415770e+00 0.101271e+04 0.470582e+00 0.693582e-02
0.101636e+04 0.230567e+02 0.734011e+00 0.415403e+00 0.102000e+04 0.470509e+00 0.000000e+00
