y+ u_mean uu+ ww+ y+ vv+ -uv+ -uv/urmsvrms nu_t+ y+ Diss. Prod. Mole_Diff. vel_p_grad. Turb_Diff.
0.147713e+00 0.148332e+00 0.336567e-02 0.127879e-02 0.295426e+00 0.878054e-06 0.247598e-04 0.224835e+00 0.246758e-04 0.147713e+00 -0.207745e+00 0.598610e-05 0.204798e+00 0.249189e-02 0.982625e-05
0.452484e+00 0.454141e+00 0.313401e-01 0.107600e-01 0.609542e+00 0.137309e-04 0.219489e-03 0.246427e+00 0.218961e-03 0.452484e+00 -0.199053e+00 0.992647e-04 0.192200e+00 0.642929e-02 0.158082e-03
0.778054e+00 0.780496e+00 0.922368e-01 0.292917e-01 0.946566e+00 0.713003e-04 0.832436e-03 0.265254e+00 0.831652e-03 0.778054e+00 -0.192419e+00 0.479094e-03 0.181414e+00 0.961463e-02 0.745603e-03
0.112872e+01 0.113149e+01 0.193258e+00 0.567689e-01 0.131087e+01 0.235053e-03 0.223424e-02 0.284144e+00 0.223735e-02 0.112872e+01 -0.186678e+00 0.145075e-02 0.170791e+00 0.120945e-01 0.218825e-02
0.150891e+01 0.151116e+01 0.343549e+00 0.931118e-01 0.170696e+01 0.603885e-03 0.496144e-02 0.303514e+00 0.498705e-02 0.150891e+01 -0.181408e+00 0.345809e-02 0.158919e+00 0.139119e-01 0.498465e-02
0.192320e+01 0.192332e+01 0.553935e+00 0.138152e+00 0.213944e+01 0.132409e-02 0.975603e-02 0.323283e+00 0.986503e-02 0.192320e+01 -0.176187e+00 0.711504e-02 0.144230e+00 0.151147e-01 0.960983e-02
0.237624e+01 0.237135e+01 0.836139e+00 0.191544e+00 0.261303e+01 0.259917e-02 0.175860e-01 0.343156e+00 0.179470e-01 0.237624e+01 -0.170626e+00 0.132122e-01 0.125241e+00 0.157605e-01 0.163047e-01
0.287277e+01 0.285788e+01 0.120125e+01 0.252704e+00 0.313250e+01 0.469758e-02 0.296252e-01 0.362711e+00 0.306529e-01 0.287277e+01 -0.164460e+00 0.226698e-01 0.100975e+00 0.159193e-01 0.247883e-01
0.341757e+01 0.338443e+01 0.165732e+01 0.320826e+00 0.370264e+01 0.795671e-02 0.471720e-01 0.381455e+00 0.497909e-01 0.341757e+01 -0.157662e+00 0.364053e-01 0.714880e-01 0.156706e-01 0.339952e-01
0.401547e+01 0.395087e+01 0.220622e+01 0.394923e+00 0.432829e+01 0.127814e-01 0.714911e-01 0.398871e+00 0.775905e-01 0.401547e+01 -0.150529e+00 0.550973e-01 0.382497e-01 0.150965e-01 0.420123e-01
0.467128e+01 0.455513e+01 0.284061e+01 0.473942e+00 0.501426e+01 0.196356e-01 0.103590e+00 0.414456e+00 0.116732e+00 0.467128e+01 -0.143662e+00 0.788720e-01 0.414533e-02 0.142704e-01 0.463816e-01
0.538979e+01 0.519275e+01 0.354167e+01 0.556871e+00 0.576532e+01 0.290292e-01 0.143966e+00 0.427772e+00 0.170382e+00 0.538979e+01 -0.137803e+00 0.106996e+00 0.270843e-01 0.132469e-01 0.448005e-01
0.617576e+01 0.585686e+01 0.427923e+01 0.642831e+00 0.658620e+01 0.414972e-01 0.192396e+00 0.438475e+00 0.242239e+00 0.617576e+01 -0.133568e+00 0.137718e+00 0.518428e-01 0.120543e-01 0.360055e-01
0.703388e+01 0.653841e+01 0.501460e+01 0.731081e+00 0.748155e+01 0.575756e-01 0.247836e+00 0.446354e+00 0.336600e+00 0.703388e+01 -0.131198e+00 0.168399e+00 0.677283e-01 0.106978e-01 0.204373e-01
0.796873e+01 0.722674e+01 0.570589e+01 0.820953e+00 0.845591e+01 0.777716e-01 0.308482e+00 0.451354e+00 0.458425e+00 0.796873e+01 -0.130445e+00 0.195962e+00 0.741655e-01 0.917245e-02 0.308376e-03
0.898480e+01 0.791047e+01 0.631437e+01 0.911720e+00 0.951370e+01 0.102527e+00 0.371995e+00 0.453596e+00 0.613399e+00 0.898480e+01 -0.130663e+00 0.217552e+00 0.723646e-01 0.748384e-02 -0.210139e-01
0.100865e+02 0.857858e+01 0.681008e+01 0.100247e+01 0.106592e+02 0.132179e+00 0.435831e+00 0.453370e+00 0.807959e+00 0.100865e+02 -0.131043e+00 0.231190e+00 0.647027e-01 0.566803e-02 -0.400357e-01
0.112779e+02 0.922127e+01 0.717525e+01 0.109200e+01 0.118966e+02 0.166910e+00 0.497595e+00 0.451111e+00 0.104927e+01 0.112779e+02 -0.130860e+00 0.236143e+00 0.538809e-01 0.380080e-02 -0.541105e-01
0.125632e+02 0.983078e+01 0.740480e+01 0.117888e+01 0.132298e+02 0.206706e+00 0.555320e+00 0.447356e+00 0.134513e+01 0.125632e+02 -0.129644e+00 0.232928e+00 0.422247e-01 0.199135e-02 -0.619787e-01
0.139462e+02 0.104017e+02 0.750467e+01 0.126152e+01 0.146626e+02 0.251324e+00 0.607622e+00 0.442670e+00 0.170384e+01 0.139462e+02 -0.127221e+00 0.222994e+00 0.313295e-01 0.361904e-03 -0.637637e-01
0.154305e+02 0.109311e+02 0.748881e+01 0.133843e+01 0.161985e+02 0.300279e+00 0.653727e+00 0.437597e+00 0.213396e+01 0.154305e+02 -0.123635e+00 0.208258e+00 0.220414e-01 -0.978670e-03 -0.605722e-01
0.170197e+02 0.114180e+02 0.737590e+01 0.140833e+01 0.178409e+02 0.352851e+00 0.693386e+00 0.432599e+00 0.264398e+01 0.170197e+02 -0.119070e+00 0.190669e+00 0.146336e-01 -0.195707e-02 -0.539628e-01
0.187170e+02 0.118631e+02 0.718661e+01 0.147030e+01 0.195930e+02 0.408134e+00 0.726754e+00 0.428032e+00 0.324182e+01 0.187170e+02 -0.113751e+00 0.171907e+00 0.903132e-02 -0.254721e-02 -0.454943e-01
0.205253e+02 0.122684e+02 0.694144e+01 0.152390e+01 0.214576e+02 0.465083e+00 0.754240e+00 0.424134e+00 0.393420e+01 0.205253e+02 -0.107903e+00 0.153256e+00 0.499575e-02 -0.276979e-02 -0.364510e-01
0.224475e+02 0.126370e+02 0.665921e+01 0.156906e+01 0.234373e+02 0.522590e+00 0.776398e+00 0.421036e+00 0.472567e+01 0.224475e+02 -0.101732e+00 0.135590e+00 0.223146e-02 -0.268188e-02 -0.277480e-01
0.244860e+02 0.129718e+02 0.635620e+01 0.160608e+01 0.255346e+02 0.579546e+00 0.793828e+00 0.418780e+00 0.561761e+01 0.244860e+02 -0.954149e-01 0.119422e+00 0.439498e-03 -0.236260e-02 -0.199527e-01
0.266431e+02 0.132767e+02 0.604574e+01 0.163549e+01 0.277516e+02 0.634902e+00 0.807133e+00 0.417349e+00 0.660726e+01 0.266431e+02 -0.890978e-01 0.104999e+00 0.636871e-03 -0.190048e-02 -0.133400e-01
0.289209e+02 0.135549e+02 0.573815e+01 0.165795e+01 0.300901e+02 0.687720e+00 0.816877e+00 0.416681e+00 0.768692e+01 0.289209e+02 -0.828991e-01 0.923759e-01 0.120458e-02 -0.137839e-02 -0.797511e-02
0.313209e+02 0.138100e+02 0.544084e+01 0.167417e+01 0.325517e+02 0.737214e+00 0.823576e+00 0.416690e+00 0.884373e+01 0.313209e+02 -0.769170e-01 0.814817e-01 0.144301e-02 -0.860155e-03 -0.380728e-02
0.338447e+02 0.140450e+02 0.515887e+01 0.168479e+01 0.351376e+02 0.782764e+00 0.827686e+00 0.417282e+00 0.100607e+02 0.338447e+02 -0.712232e-01 0.721748e-01 0.148080e-02 -0.388485e-03 -0.708616e-03
0.364933e+02 0.142629e+02 0.489528e+01 0.169040e+01 0.378490e+02 0.823921e+00 0.829600e+00 0.418357e+00 0.113166e+02 0.364933e+02 -0.658646e-01 0.642788e-01 0.139853e-02 0.825890e-05 0.149230e-02
0.392678e+02 0.144662e+02 0.465153e+01 0.169157e+01 0.406866e+02 0.860405e+00 0.829653e+00 0.419819e+00 0.125886e+02 0.392678e+02 -0.608713e-01 0.576077e-01 0.125877e-02 0.315253e-03 0.296672e-02
0.421687e+02 0.146575e+02 0.442797e+01 0.168874e+01 0.436508e+02 0.892089e+00 0.828137e+00 0.421580e+00 0.138556e+02 0.421687e+02 -0.562573e-01 0.519774e-01 0.110169e-02 0.530070e-03 0.387790e-02
0.451963e+02 0.148384e+02 0.422424e+01 0.168228e+01 0.467418e+02 0.918982e+00 0.825301e+00 0.423560e+00 0.151008e+02 0.451963e+02 -0.520183e-01 0.472142e-01 0.948169e-03 0.657292e-03 0.437229e-02
0.483507e+02 0.150108e+02 0.403941e+01 0.167257e+01 0.499596e+02 0.941209e+00 0.821343e+00 0.425686e+00 0.163094e+02 0.483507e+02 -0.481362e-01 0.431653e-01 0.800982e-03 0.708810e-03 0.457254e-02
0.516317e+02 0.151760e+02 0.387216e+01 0.165994e+01 0.533038e+02 0.958999e+00 0.816422e+00 0.427891e+00 0.174718e+02 0.516317e+02 -0.445887e-01 0.397016e-01 0.667627e-03 0.701356e-03 0.456495e-02
0.550388e+02 0.153353e+02 0.372091e+01 0.164468e+01 0.567738e+02 0.972666e+00 0.810669e+00 0.430123e+00 0.185810e+02 0.550388e+02 -0.413533e-01 0.367155e-01 0.552954e-03 0.652843e-03 0.441368e-02
0.585713e+02 0.154894e+02 0.358387e+01 0.162718e+01 0.603688e+02 0.982564e+00 0.804187e+00 0.432337e+00 0.196328e+02 0.585713e+02 -0.384055e-01 0.341200e-01 0.463056e-03 0.575592e-03 0.416543e-02
0.622282e+02 0.156392e+02 0.345936e+01 0.160789e+01 0.640876e+02 0.989062e+00 0.797057e+00 0.434495e+00 0.206256e+02 0.622282e+02 -0.357166e-01 0.318435e-01 0.393005e-03 0.474685e-03 0.386244e-02
0.660082e+02 0.157852e+02 0.334591e+01 0.158723e+01 0.679289e+02 0.992546e+00 0.789345e+00 0.436557e+00 0.215600e+02 0.660082e+02 -0.332603e-01 0.298281e-01 0.328001e-03 0.358370e-03 0.354416e-02
0.699100e+02 0.159281e+02 0.324213e+01 0.156542e+01 0.718912e+02 0.993410e+00 0.781095e+00 0.438488e+00 0.224317e+02 0.699100e+02 -0.310179e-01 0.280305e-01 0.268804e-03 0.236091e-03 0.322570e-02
0.739319e+02 0.160682e+02 0.314663e+01 0.154252e+01 0.759726e+02 0.992035e+00 0.772361e+00 0.440260e+00 0.232502e+02 0.739319e+02 -0.289716e-01 0.264122e-01 0.227096e-03 0.118860e-03 0.290496e-02
0.780719e+02 0.162057e+02 0.305846e+01 0.151858e+01 0.801712e+02 0.988741e+00 0.763178e+00 0.441838e+00 0.240167e+02 0.780719e+02 -0.271028e-01 0.249408e-01 0.195522e-03 0.153175e-04 0.259443e-02
0.823280e+02 0.163409e+02 0.297675e+01 0.149375e+01 0.844849e+02 0.983786e+00 0.753562e+00 0.443199e+00 0.247236e+02 0.823280e+02 -0.253939e-01 0.235976e-01 0.171468e-03 -0.727777e-04 0.229640e-02
0.866980e+02 0.164741e+02 0.290068e+01 0.146833e+01 0.889112e+02 0.977394e+00 0.743540e+00 0.444335e+00 0.253720e+02 0.866980e+02 -0.238268e-01 0.223676e-01 0.148460e-03 -0.143367e-03 0.201058e-02
0.911794e+02 0.166054e+02 0.282944e+01 0.144258e+01 0.934477e+02 0.969774e+00 0.733132e+00 0.445248e+00 0.259603e+02 0.911794e+02 -0.223872e-01 0.212362e-01 0.122350e-03 -0.191752e-03 0.173760e-02
0.957696e+02 0.167351e+02 0.276215e+01 0.141660e+01 0.980916e+02 0.961072e+00 0.722375e+00 0.445962e+00 0.265043e+02 0.957696e+02 -0.210632e-01 0.201858e-01 0.100934e-03 -0.220231e-03 0.147863e-02
0.100466e+03 0.168631e+02 0.269815e+01 0.139042e+01 0.102840e+03 0.951394e+00 0.711300e+00 0.446511e+00 0.270205e+02 0.100466e+03 -0.198419e-01 0.191965e-01 0.802054e-04 -0.239491e-03 0.125281e-02
0.105265e+03 0.169894e+02 0.263673e+01 0.136406e+01 0.107691e+03 0.940852e+00 0.699918e+00 0.446907e+00 0.275055e+02 0.105265e+03 -0.187132e-01 0.182575e-01 0.665698e-04 -0.256877e-03 0.106269e-02
0.110165e+03 0.171141e+02 0.257740e+01 0.133753e+01 0.112640e+03 0.929565e+00 0.688235e+00 0.447144e+00 0.279509e+02 0.110165e+03 -0.176699e-01 0.173686e-01 0.627306e-04 -0.272191e-03 0.898547e-03
0.115162e+03 0.172371e+02 0.251992e+01 0.131103e+01 0.117684e+03 0.917653e+00 0.676253e+00 0.447210e+00 0.283455e+02 0.115162e+03 -0.167035e-01 0.165308e-01 0.553900e-04 -0.286877e-03 0.763702e-03
0.120253e+03 0.173586e+02 0.246387e+01 0.128470e+01 0.122821e+03 0.905229e+00 0.663991e+00 0.447111e+00 0.286958e+02 0.120253e+03 -0.158046e-01 0.157397e-01 0.454638e-04 -0.299408e-03 0.654000e-03
0.125435e+03 0.174785e+02 0.240893e+01 0.125848e+01 0.128048e+03 0.892363e+00 0.651473e+00 0.446865e+00 0.290162e+02 0.125435e+03 -0.149650e-01 0.149860e-01 0.381170e-04 -0.311926e-03 0.564561e-03
0.130704e+03 0.175968e+02 0.235474e+01 0.123246e+01 0.133360e+03 0.879078e+00 0.638703e+00 0.446479e+00 0.293003e+02 0.130704e+03 -0.141798e-01 0.142654e-01 0.364525e-04 -0.321728e-03 0.488846e-03
0.136057e+03 0.177135e+02 0.230126e+01 0.120671e+01 0.138754e+03 0.865404e+00 0.625690e+00 0.445933e+00 0.295387e+02 0.136057e+03 -0.134456e-01 0.135791e-01 0.339148e-04 -0.328453e-03 0.429220e-03
0.141491e+03 0.178285e+02 0.224866e+01 0.118104e+01 0.144227e+03 0.851416e+00 0.612448e+00 0.445205e+00 0.297370e+02 0.141491e+03 -0.127583e-01 0.129251e-01 0.276049e-04 -0.333664e-03 0.387637e-03
0.147002e+03 0.179421e+02 0.219684e+01 0.115521e+01 0.149776e+03 0.837188e+00 0.598993e+00 0.444291e+00 0.299026e+02 0.147002e+03 -0.121151e-01 0.122982e-01 0.218072e-04 -0.335746e-03 0.361774e-03
0.152587e+03 0.180540e+02 0.214558e+01 0.112916e+01 0.155397e+03 0.822748e+00 0.585333e+00 0.443193e+00 0.300287e+02 0.152587e+03 -0.115128e-01 0.116962e-01 0.181335e-04 -0.338421e-03 0.351881e-03
0.158242e+03 0.181642e+02 0.209475e+01 0.110291e+01 0.161087e+03 0.808102e+00 0.571482e+00 0.441919e+00 0.301208e+02 0.158242e+03 -0.109453e-01 0.111180e-01 0.161182e-04 -0.348631e-03 0.359540e-03
0.163965e+03 0.182727e+02 0.204429e+01 0.107640e+01 0.166842e+03 0.793293e+00 0.557457e+00 0.440455e+00 0.301915e+02 0.163965e+03 -0.104084e-01 0.105592e-01 0.169296e-04 -0.363150e-03 0.380292e-03
0.169751e+03 0.183796e+02 0.199431e+01 0.104968e+01 0.172659e+03 0.778395e+00 0.543265e+00 0.438764e+00 0.302393e+02 0.169751e+03 -0.990058e-02 0.100178e-01 0.203823e-04 -0.371794e-03 0.406354e-03
0.175597e+03 0.184847e+02 0.194488e+01 0.102289e+01 0.178535e+03 0.763455e+00 0.528907e+00 0.436819e+00 0.302492e+02 0.175597e+03 -0.942150e-02 0.949592e-02 0.209712e-04 -0.372291e-03 0.437825e-03
0.181501e+03 0.185878e+02 0.189592e+01 0.996220e+00 0.184467e+03 0.748514e+00 0.514398e+00 0.434616e+00 0.302276e+02 0.181501e+03 -0.896952e-02 0.899346e-02 0.179703e-04 -0.367936e-03 0.476949e-03
0.187458e+03 0.186893e+02 0.184722e+01 0.969687e+00 0.190450e+03 0.733647e+00 0.499756e+00 0.432151e+00 0.301921e+02 0.187458e+03 -0.854176e-02 0.850608e-02 0.151207e-04 -0.361807e-03 0.523700e-03
0.193466e+03 0.187887e+02 0.179869e+01 0.943200e+00 0.196483e+03 0.718934e+00 0.484979e+00 0.429397e+00 0.301267e+02 0.193466e+03 -0.813582e-02 0.803316e-02 0.129181e-04 -0.355827e-03 0.577883e-03
0.199522e+03 0.188862e+02 0.175016e+01 0.916786e+00 0.202561e+03 0.704391e+00 0.470067e+00 0.426340e+00 0.300103e+02 0.199522e+03 -0.775009e-02 0.757864e-02 0.117792e-04 -0.353232e-03 0.637348e-03
0.205622e+03 0.189818e+02 0.170162e+01 0.890428e+00 0.208683e+03 0.690017e+00 0.455027e+00 0.422965e+00 0.298437e+02 0.205622e+03 -0.738342e-02 0.714394e-02 0.115605e-04 -0.354704e-03 0.699287e-03
0.211764e+03 0.190754e+02 0.165311e+01 0.864139e+00 0.214844e+03 0.675817e+00 0.439873e+00 0.419253e+00 0.296340e+02 0.211764e+03 -0.703555e-02 0.672727e-02 0.126447e-04 -0.357340e-03 0.762813e-03
0.217944e+03 0.191671e+02 0.160472e+01 0.837955e+00 0.221043e+03 0.661774e+00 0.424617e+00 0.415179e+00 0.293883e+02 0.217944e+03 -0.670545e-02 0.632626e-02 0.138044e-04 -0.362851e-03 0.831672e-03
0.224160e+03 0.192569e+02 0.155660e+01 0.811901e+00 0.227277e+03 0.647868e+00 0.409268e+00 0.410719e+00 0.291107e+02 0.224160e+03 -0.639179e-02 0.593899e-02 0.152287e-04 -0.370188e-03 0.905092e-03
0.230409e+03 0.193447e+02 0.150886e+01 0.786042e+00 0.233542e+03 0.634098e+00 0.393843e+00 0.405843e+00 0.288171e+02 0.230409e+03 -0.609277e-02 0.556291e-02 0.174050e-04 -0.377683e-03 0.981784e-03
0.236689e+03 0.194306e+02 0.146165e+01 0.760439e+00 0.239837e+03 0.620520e+00 0.378351e+00 0.400498e+00 0.285193e+02 0.236689e+03 -0.580714e-02 0.519594e-02 0.188899e-04 -0.385217e-03 0.106391e-02
0.242997e+03 0.195143e+02 0.141502e+01 0.735129e+00 0.246158e+03 0.607214e+00 0.362793e+00 0.394622e+00 0.282032e+02 0.242997e+03 -0.553520e-02 0.483854e-02 0.204533e-04 -0.390917e-03 0.114960e-02
0.249331e+03 0.195958e+02 0.136900e+01 0.710201e+00 0.252504e+03 0.594256e+00 0.347175e+00 0.388163e+00 0.278743e+02 0.249331e+03 -0.527683e-02 0.449127e-02 0.198305e-04 -0.395782e-03 0.124005e-02
0.255689e+03 0.196749e+02 0.132349e+01 0.685647e+00 0.258873e+03 0.581724e+00 0.331501e+00 0.381080e+00 0.275207e+02 0.255689e+03 -0.503262e-02 0.415492e-02 0.189967e-04 -0.398642e-03 0.133205e-02
0.262067e+03 0.197518e+02 0.127835e+01 0.661548e+00 0.265262e+03 0.569664e+00 0.315770e+00 0.373333e+00 0.271256e+02 0.262067e+03 -0.480369e-02 0.383145e-02 0.200993e-04 -0.397199e-03 0.142057e-02
0.268465e+03 0.198263e+02 0.123349e+01 0.638098e+00 0.271669e+03 0.558081e+00 0.299994e+00 0.364896e+00 0.267029e+02 0.268465e+03 -0.458923e-02 0.352066e-02 0.228742e-04 -0.389908e-03 0.150376e-02
0.274880e+03 0.198984e+02 0.118895e+01 0.615509e+00 0.278092e+03 0.546965e+00 0.284187e+00 0.355739e+00 0.262747e+02 0.274880e+03 -0.438718e-02 0.322047e-02 0.244915e-04 -0.377688e-03 0.158476e-02
0.281311e+03 0.199679e+02 0.114480e+01 0.593898e+00 0.284530e+03 0.536327e+00 0.268358e+00 0.345807e+00 0.258422e+02 0.281311e+03 -0.419667e-02 0.292981e-02 0.257611e-04 -0.363978e-03 0.166670e-02
0.287756e+03 0.200348e+02 0.110117e+01 0.573254e+00 0.290981e+03 0.526183e+00 0.252513e+00 0.335029e+00 0.254037e+02 0.287756e+03 -0.401773e-02 0.264876e-02 0.277153e-04 -0.352601e-03 0.175232e-02
0.294212e+03 0.200990e+02 0.105825e+01 0.553561e+00 0.297443e+03 0.516554e+00 0.236656e+00 0.323327e+00 0.249624e+02 0.294212e+03 -0.385010e-02 0.237772e-02 0.292290e-04 -0.342996e-03 0.184178e-02
0.300680e+03 0.201603e+02 0.101622e+01 0.534772e+00 0.303916e+03 0.507464e+00 0.220796e+00 0.310623e+00 0.245274e+02 0.300680e+03 -0.369368e-02 0.211691e-02 0.312563e-04 -0.333218e-03 0.193206e-02
0.307156e+03 0.202186e+02 0.975290e+00 0.516852e+00 0.310396e+03 0.498955e+00 0.204936e+00 0.296827e+00 0.241002e+02 0.307156e+03 -0.354844e-02 0.186683e-02 0.339522e-04 -0.321856e-03 0.202045e-02
0.313641e+03 0.202737e+02 0.935641e+00 0.499818e+00 0.316885e+03 0.491061e+00 0.189080e+00 0.281849e+00 0.236809e+02 0.313641e+03 -0.341425e-02 0.162831e-02 0.377754e-04 -0.306630e-03 0.210367e-02
0.320132e+03 0.203255e+02 0.897523e+00 0.483741e+00 0.323379e+03 0.483802e+00 0.173238e+00 0.265612e+00 0.232878e+02 0.320132e+03 -0.329059e-02 0.140183e-02 0.418893e-04 -0.287809e-03 0.218175e-02
0.326629e+03 0.203738e+02 0.861212e+00 0.468697e+00 0.329878e+03 0.477192e+00 0.157411e+00 0.248034e+00 0.229246e+02 0.326629e+03 -0.317705e-02 0.118812e-02 0.462348e-04 -0.267433e-03 0.225562e-02
0.333130e+03 0.204185e+02 0.827025e+00 0.454747e+00 0.336382e+03 0.471225e+00 0.141601e+00 0.229048e+00 0.225840e+02 0.333130e+03 -0.307376e-02 0.988456e-03 0.497692e-04 -0.246517e-03 0.232621e-02
0.339636e+03 0.204594e+02 0.795252e+00 0.441929e+00 0.342889e+03 0.465884e+00 0.125809e+00 0.208620e+00 0.222770e+02 0.339636e+03 -0.298102e-02 0.803977e-03 0.526420e-04 -0.225461e-03 0.239272e-02
0.346144e+03 0.204961e+02 0.766115e+00 0.430293e+00 0.349399e+03 0.461148e+00 0.110039e+00 0.186747e+00 0.220166e+02 0.346144e+03 -0.289882e-02 0.635547e-03 0.565263e-04 -0.205612e-03 0.245386e-02
0.352655e+03 0.205286e+02 0.739821e+00 0.419992e+00 0.355911e+03 0.457002e+00 0.942910e-01 0.163455e+00 0.218251e+02 0.352655e+03 -0.282650e-02 0.484283e-03 0.604177e-04 -0.188008e-03 0.250991e-02
0.359168e+03 0.205568e+02 0.716590e+00 0.411152e+00 0.362424e+03 0.453449e+00 0.785606e-01 0.138788e+00 0.216946e+02 0.359168e+03 -0.276397e-02 0.351723e-03 0.644630e-04 -0.173126e-03 0.255976e-02
0.365681e+03 0.205804e+02 0.696683e+00 0.403846e+00 0.368939e+03 0.450508e+00 0.628409e-01 0.112834e+00 0.216108e+02 0.365681e+03 -0.271195e-02 0.239529e-03 0.681480e-04 -0.161067e-03 0.260318e-02
0.372196e+03 0.205993e+02 0.680349e+00 0.398124e+00 0.375454e+03 0.448203e+00 0.471276e-01 0.857404e-01 0.215667e+02 0.372196e+03 -0.267083e-02 0.148943e-03 0.709583e-04 -0.151081e-03 0.263917e-02
0.378711e+03 0.206136e+02 0.667819e+00 0.393973e+00 0.381969e+03 0.446558e+00 0.314176e-01 0.577156e-01 0.215514e+02 0.378711e+03 -0.264048e-02 0.806378e-04 0.727102e-04 -0.143218e-03 0.266689e-02
0.385227e+03 0.206230e+02 0.659318e+00 0.391301e+00 0.388484e+03 0.445578e+00 0.157090e-01 0.290300e-01 0.215590e+02 0.385227e+03 -0.262060e-02 0.349452e-04 0.735949e-04 -0.137741e-03 0.268593e-02
0.391742e+03 0.206278e+02 0.655032e+00 0.390002e+00 0.395000e+03 0.445256e+00 0.000000e+00 0.000000e+00 0.215591e+02 0.391742e+03 -0.261081e-02 0.120445e-04 0.734529e-04 -0.134871e-03 0.269608e-02
