y+ u_mean uu+ ww+ y+ vv+ -uv+ -uv/urmsvrms nu_t+   
0.200568e+00 0.201039e+00 0.530611e-02 0.154847e-02 0.401136e+00 0.191802e-05 0.489407e-04 0.239383e+00 0.489390e-04
0.614414e+00 0.614899e+00 0.494620e-01 0.125404e-01 0.827693e+00 0.286340e-04 0.433776e-03 0.268708e+00 0.434959e-03
0.105445e+01 0.105374e+01 0.145128e+00 0.331586e-01 0.128122e+01 0.142218e-03 0.162600e-02 0.293309e+00 0.163654e-02
0.152227e+01 0.151855e+01 0.301133e+00 0.622227e-01 0.176333e+01 0.445343e-03 0.426359e-02 0.317100e+00 0.431431e-02
0.201955e+01 0.200998e+01 0.526372e+00 0.984787e-01 0.227577e+01 0.107916e-02 0.914668e-02 0.340434e+00 0.932854e-02
0.254805e+01 0.252817e+01 0.828523e+00 0.140636e+00 0.282032e+01 0.221923e-02 0.171987e-01 0.363038e+00 0.177414e-01
0.310962e+01 0.307256e+01 0.121231e+01 0.187426e+00 0.339891e+01 0.406990e-02 0.293879e-01 0.384479e+00 0.308054e-01
0.370622e+01 0.364172e+01 0.167757e+01 0.237669e+00 0.401353e+01 0.685768e-02 0.466146e-01 0.404326e+00 0.499455e-01
0.433992e+01 0.423315e+01 0.221767e+01 0.290346e+00 0.466630e+01 0.108243e-01 0.695805e-01 0.422202e+00 0.767433e-01
0.501286e+01 0.484329e+01 0.281869e+01 0.344641e+00 0.535942e+01 0.162202e-01 0.986639e-01 0.437809e+00 0.112931e+00
0.572732e+01 0.546748e+01 0.345983e+01 0.399950e+00 0.609522e+01 0.232974e-01 0.133828e+00 0.450948e+00 0.160402e+00
0.648567e+01 0.610020e+01 0.411510e+01 0.455869e+00 0.687612e+01 0.323041e-01 0.174583e+00 0.461510e+00 0.221232e+00
0.729039e+01 0.673523e+01 0.475604e+01 0.512126e+00 0.770467e+01 0.434785e-01 0.220010e+00 0.469480e+00 0.297716e+00
0.814410e+01 0.736612e+01 0.535482e+01 0.568518e+00 0.858353e+01 0.570416e-01 0.268852e+00 0.474932e+00 0.392403e+00
0.904950e+01 0.798644e+01 0.588720e+01 0.624830e+00 0.951547e+01 0.731894e-01 0.319636e+00 0.478027e+00 0.508132e+00
0.100094e+02 0.859028e+01 0.633458e+01 0.680782e+00 0.105034e+02 0.920807e-01 0.370826e+00 0.479003e+00 0.648053e+00
0.110268e+02 0.917245e+01 0.668520e+01 0.735986e+00 0.115503e+02 0.113826e+00 0.420960e+00 0.478163e+00 0.815635e+00
0.121048e+02 0.972879e+01 0.693411e+01 0.789956e+00 0.126593e+02 0.138471e+00 0.468768e+00 0.475859e+00 0.101468e+01
0.132464e+02 0.102562e+02 0.708244e+01 0.842115e+00 0.138336e+02 0.165986e+00 0.513239e+00 0.472467e+00 0.124926e+01
0.144551e+02 0.107528e+02 0.713611e+01 0.891837e+00 0.150766e+02 0.196254e+00 0.553654e+00 0.468363e+00 0.152372e+01
0.157342e+02 0.112175e+02 0.710439e+01 0.938486e+00 0.163918e+02 0.229059e+00 0.589581e+00 0.463908e+00 0.184263e+01
0.170873e+02 0.116505e+02 0.699860e+01 0.981465e+00 0.177827e+02 0.264093e+00 0.620826e+00 0.459418e+00 0.221060e+01
0.185178e+02 0.120523e+02 0.683106e+01 0.102026e+01 0.192530e+02 0.300953e+00 0.647395e+00 0.455161e+00 0.263221e+01
0.200297e+02 0.124241e+02 0.661418e+01 0.105451e+01 0.208063e+02 0.339155e+00 0.669436e+00 0.451341e+00 0.311177e+01
0.216265e+02 0.127676e+02 0.636004e+01 0.108401e+01 0.224467e+02 0.378153e+00 0.687185e+00 0.448099e+00 0.365289e+01
0.233122e+02 0.130847e+02 0.607990e+01 0.110874e+01 0.241778e+02 0.417352e+00 0.700931e+00 0.445514e+00 0.425808e+01
0.250908e+02 0.133775e+02 0.578388e+01 0.112891e+01 0.260038e+02 0.456137e+00 0.710978e+00 0.443613e+00 0.492789e+01
0.269661e+02 0.136481e+02 0.548074e+01 0.114482e+01 0.279285e+02 0.493888e+00 0.717626e+00 0.442380e+00 0.565982e+01
0.289423e+02 0.138986e+02 0.517773e+01 0.115691e+01 0.299560e+02 0.529988e+00 0.721159e+00 0.441773e+00 0.644730e+01
0.310232e+02 0.141314e+02 0.488051e+01 0.116560e+01 0.320903e+02 0.563858e+00 0.721848e+00 0.441736e+00 0.727889e+01
0.332128e+02 0.143485e+02 0.459333e+01 0.117121e+01 0.343354e+02 0.594962e+00 0.719950e+00 0.442202e+00 0.813880e+01
0.355152e+02 0.145523e+02 0.431932e+01 0.117394e+01 0.366951e+02 0.622834e+00 0.715716e+00 0.443100e+00 0.900828e+01
0.379343e+02 0.147444e+02 0.406059e+01 0.117392e+01 0.391735e+02 0.647096e+00 0.709377e+00 0.444359e+00 0.986713e+01
0.404738e+02 0.149270e+02 0.381806e+01 0.117115e+01 0.417741e+02 0.667488e+00 0.701131e+00 0.445906e+00 0.106933e+02
0.431374e+02 0.151016e+02 0.359163e+01 0.116549e+01 0.445007e+02 0.683872e+00 0.691145e+00 0.447671e+00 0.114646e+02
0.459286e+02 0.152699e+02 0.338065e+01 0.115674e+01 0.473566e+02 0.696211e+00 0.679580e+00 0.449590e+00 0.121642e+02
0.488509e+02 0.154332e+02 0.318433e+01 0.114470e+01 0.503451e+02 0.704541e+00 0.666586e+00 0.451592e+00 0.127838e+02
0.519071e+02 0.155925e+02 0.300207e+01 0.112923e+01 0.534691e+02 0.708962e+00 0.652325e+00 0.453599e+00 0.133306e+02
0.551003e+02 0.157488e+02 0.283347e+01 0.111025e+01 0.567314e+02 0.709662e+00 0.636932e+00 0.455517e+00 0.138183e+02
0.584327e+02 0.159024e+02 0.267767e+01 0.108779e+01 0.601341e+02 0.706931e+00 0.620441e+00 0.457227e+00 0.142386e+02
0.619066e+02 0.160538e+02 0.253277e+01 0.106196e+01 0.636792e+02 0.701099e+00 0.602847e+00 0.458632e+00 0.145707e+02
0.655237e+02 0.162034e+02 0.239690e+01 0.103309e+01 0.673682e+02 0.692474e+00 0.584205e+00 0.459664e+00 0.148164e+02
0.692852e+02 0.163518e+02 0.226924e+01 0.100172e+01 0.712022e+02 0.681359e+00 0.564604e+00 0.460212e+00 0.149947e+02
0.731918e+02 0.164989e+02 0.214956e+01 0.968145e+00 0.751815e+02 0.668058e+00 0.544101e+00 0.460126e+00 0.151183e+02
0.772438e+02 0.166446e+02 0.203741e+01 0.932889e+00 0.793060e+02 0.652905e+00 0.522717e+00 0.459250e+00 0.151851e+02
0.814406e+02 0.167891e+02 0.193168e+01 0.896740e+00 0.835751e+02 0.636270e+00 0.500453e+00 0.457429e+00 0.151864e+02
0.857813e+02 0.169322e+02 0.183142e+01 0.859993e+00 0.879874e+02 0.618510e+00 0.477328e+00 0.454480e+00 0.151168e+02
0.902641e+02 0.170737e+02 0.173607e+01 0.822625e+00 0.925407e+02 0.599919e+00 0.453365e+00 0.450223e+00 0.149756e+02
0.948865e+02 0.172137e+02 0.164502e+01 0.784911e+00 0.972323e+02 0.580749e+00 0.428604e+00 0.444506e+00 0.147675e+02
0.996455e+02 0.173517e+02 0.155742e+01 0.747065e+00 0.102059e+03 0.561281e+00 0.403106e+00 0.437204e+00 0.145080e+02
0.104537e+03 0.174877e+02 0.147233e+01 0.708984e+00 0.107015e+03 0.541902e+00 0.376934e+00 0.428131e+00 0.142164e+02
0.109556e+03 0.176208e+02 0.138907e+01 0.670832e+00 0.112097e+03 0.523053e+00 0.350106e+00 0.417000e+00 0.138824e+02
0.114698e+03 0.177505e+02 0.130689e+01 0.632818e+00 0.117299e+03 0.505092e+00 0.322655e+00 0.403520e+00 0.135013e+02
0.119956e+03 0.178761e+02 0.122544e+01 0.595133e+00 0.122613e+03 0.488278e+00 0.294678e+00 0.387424e+00 0.131038e+02
0.125323e+03 0.179967e+02 0.114491e+01 0.558528e+00 0.128032e+03 0.472778e+00 0.266256e+00 0.368353e+00 0.127103e+02
0.130791e+03 0.181113e+02 0.106605e+01 0.523600e+00 0.133549e+03 0.458703e+00 0.237445e+00 0.345847e+00 0.123252e+02
0.136352e+03 0.182185e+02 0.989863e+00 0.490984e+00 0.139154e+03 0.446105e+00 0.208304e+00 0.319429e+00 0.119550e+02
0.141996e+03 0.183168e+02 0.917329e+00 0.461398e+00 0.144838e+03 0.435059e+00 0.178898e+00 0.288615e+00 0.116108e+02
0.147714e+03 0.184049e+02 0.849595e+00 0.435096e+00 0.150591e+03 0.425694e+00 0.149290e+00 0.252898e+00 0.112987e+02
0.153496e+03 0.184813e+02 0.788188e+00 0.412455e+00 0.156402e+03 0.418125e+00 0.119546e+00 0.211865e+00 0.110354e+02
0.159330e+03 0.185445e+02 0.735193e+00 0.393829e+00 0.162259e+03 0.412401e+00 0.897204e-01 0.165350e+00 0.108366e+02
0.165206e+03 0.185932e+02 0.692967e+00 0.379419e+00 0.168153e+03 0.408477e+00 0.598402e-01 0.113689e+00 0.107005e+02
0.171112e+03 0.186262e+02 0.663670e+00 0.369706e+00 0.174070e+03 0.406226e+00 0.299288e-01 0.579700e-01 0.106283e+02
0.177035e+03 0.186429e+02 0.648673e+00 0.364938e+00 0.180000e+03 0.405499e+00 0.000000e+00 0.000000e+00 0.106283e+02
